Date,Open,High,Low,Close,Adj Close,Volume
2021-01-04,24.700000762939453,24.940000534057617,23.850000381469727,24.110000610351562,21.597888946533203,8041600
2021-01-05,24.079999923706055,24.719999313354492,24.079999923706055,24.459999084472656,21.911418914794922,7856500
2021-01-06,24.6200008392334,25.3799991607666,24.6200008392334,24.959999084472656,22.35932159423828,8471800
2021-01-07,25.270000457763672,25.799999237060547,25.059999465942383,25.75,23.067007064819336,9288400
2021-01-08,25.690000534057617,25.940000534057617,25.389999389648438,25.530000686645508,22.869932174682617,7514100
2021-01-11,25.5,25.93000030517578,25.34000015258789,25.780000686645508,23.093881607055664,8907000
2021-01-12,25.829999923706055,26.149999618530273,25.75,25.90999984741211,23.210336685180664,7280700
2021-01-13,25.989999771118164,26.040000915527344,25.700000762939453,25.709999084472656,23.031177520751953,6596600
2021-01-14,25.579999923706055,25.93000030517578,25.559999465942383,25.6200008392334,22.9505558013916,8290500
2021-01-15,25.459999084472656,25.56999969482422,24.989999771118164,25.170000076293945,22.547439575195312,8364600
2021-01-19,25.260000228881836,25.3799991607666,24.989999771118164,25.139999389648438,22.520566940307617,6794200
2021-01-20,25.219999313354492,25.31999969482422,25.049999237060547,25.200000762939453,22.574317932128906,6270500
2021-01-21,25.40999984741211,25.440000534057617,24.979999542236328,25.360000610351562,22.7176456451416,7160000
2021-01-22,25.110000610351562,25.350000381469727,24.969999313354492,25.270000457763672,22.63702964782715,6684500
2021-01-25,25.219999313354492,25.270000457763672,24.40999984741211,25.020000457763672,22.413070678710938,9953100
2021-01-26,25.190000534057617,25.360000610351562,24.389999389648438,24.6200008392334,22.054744720458984,11548300
2021-01-27,24.18000030517578,25.239999771118164,24.15999984741211,24.850000381469727,22.260786056518555,12948600
2021-01-28,24.979999542236328,25.350000381469727,24.850000381469727,24.8700008392334,22.278697967529297,9292900
2021-01-29,24.770000457763672,24.989999771118164,24.06999969482422,24.34000015258789,21.803922653198242,14666900
2021-02-01,24.479999542236328,24.579999923706055,24.100000381469727,24.479999542236328,21.929336547851562,9353000
2021-02-02,24.780000686645508,25.0,24.670000076293945,24.889999389648438,22.296615600585938,5952800
2021-02-03,24.860000610351562,25.34000015258789,24.770000457763672,25.229999542236328,22.601186752319336,6300500
2021-02-04,25.209999084472656,25.959999084472656,25.110000610351562,25.950000762939453,23.24616813659668,6963400
2021-02-05,26.0,26.579999923706055,25.950000762939453,26.149999618530273,23.42533302307129,7267500
2021-02-08,26.3700008392334,27.360000610351562,26.309999465942383,27.299999237060547,24.45550537109375,8426300
2021-02-09,27.329999923706055,27.549999237060547,27.09000015258789,27.09000015258789,24.267391204833984,7065500
2021-02-10,27.209999084472656,27.530000686645508,26.940000534057617,27.149999618530273,24.321134567260742,6267500
2021-02-11,27.299999237060547,27.479999542236328,26.93000030517578,27.3799991607666,24.527172088623047,6265600
2021-02-12,27.3799991607666,27.5,27.229999542236328,27.489999771118164,24.625713348388672,3941200
2021-02-16,27.530000686645508,27.68000030517578,27.0,27.15999984741211,24.330097198486328,6380700
2021-02-17,27.0,27.079999923706055,26.229999542236328,26.280000686645508,23.541790008544922,9402800
2021-02-18,26.09000015258789,26.450000762939453,25.959999084472656,26.40999984741211,23.658241271972656,7345300
2021-02-19,26.700000762939453,27.139999389648438,26.649999618530273,27.100000381469727,24.27634620666504,8979600
2021-02-22,26.989999771118164,27.350000381469727,26.799999237060547,27.1200008392334,24.294265747070312,9524800
2021-02-23,27.030000686645508,27.440000534057617,26.489999771118164,27.3799991607666,24.527172088623047,11845500
2021-02-24,27.299999237060547,28.260000228881836,27.209999084472656,27.969999313354492,25.055696487426758,8275900
2021-02-25,27.899999618530273,30.0,27.219999313354492,28.190000534057617,25.252771377563477,18366000
2021-02-26,29.420000076293945,30.25,28.829999923706055,28.969999313354492,25.95149803161621,26078200
2021-03-01,29.3700008392334,30.440000534057617,29.15999984741211,29.579999923706055,26.497943878173828,17327800
2021-03-02,29.420000076293945,30.290000915527344,29.329999923706055,30.040000915527344,26.91002082824707,10928600
2021-03-03,29.940000534057617,30.280000686645508,29.520000457763672,29.81999969482422,26.71293830871582,10059700
2021-03-04,29.459999084472656,29.850000381469727,27.850000381469727,28.06999969482422,25.145278930664062,14448400
2021-03-05,28.299999237060547,29.780000686645508,28.1200008392334,29.75,26.650232315063477,13688900
2021-03-08,29.610000610351562,30.68000030517578,29.559999465942383,30.15999984741211,27.017513275146484,13142600
2021-03-09,30.040000915527344,30.559999465942383,29.850000381469727,30.100000381469727,27.138330459594727,10337000
2021-03-10,30.059999465942383,30.56999969482422,30.010000228881836,30.260000228881836,27.2825870513916,11820400
2021-03-11,30.3700008392334,30.479999542236328,29.969999313354492,30.34000015258789,27.35471534729004,10122500
2021-03-12,30.260000228881836,30.829999923706055,30.1200008392334,30.280000686645508,27.30061912536621,9478300
2021-03-15,30.260000228881836,30.809999465942383,30.079999923706055,30.790000915527344,27.760438919067383,12813700
2021-03-16,30.809999465942383,30.979999542236328,30.389999389648438,30.43000030517578,27.43585968017578,10605200
2021-03-17,30.290000915527344,30.790000915527344,30.260000228881836,30.739999771118164,27.715356826782227,12590100
2021-03-18,30.559999465942383,31.110000610351562,30.219999313354492,30.309999465942383,27.327665328979492,11022700
2021-03-19,30.040000915527344,30.31999969482422,29.68000030517578,30.079999923706055,27.120298385620117,49810500
2021-03-22,30.110000610351562,30.719999313354492,29.860000610351562,30.469999313354492,27.471923828125,14955000
2021-03-23,30.34000015258789,30.56999969482422,29.440000534057617,29.579999923706055,26.669490814208984,10313100
2021-03-24,29.729999542236328,30.260000228881836,29.360000610351562,29.3700008392334,26.480159759521484,9073900
2021-03-25,29.110000610351562,30.020000457763672,28.969999313354492,29.889999389648438,26.948989868164062,9561200
2021-03-26,30.020000457763672,31.690000534057617,30.020000457763672,31.65999984741211,28.544836044311523,13195700
2021-03-29,31.59000015258789,31.940000534057617,31.010000228881836,31.06999969482422,28.01288414001465,9661500
2021-03-30,31.0,31.65999984741211,30.959999084472656,31.559999465942383,28.454673767089844,7219500
2021-03-31,31.600000381469727,32.119998931884766,31.600000381469727,31.75,28.625978469848633,8919000
2021-04-01,32.08000183105469,32.13999938964844,31.610000610351562,32.04999923706055,28.89645767211914,7866900
2021-04-05,32.31999969482422,32.619998931884766,31.75,32.459999084472656,29.2661190032959,6915200
2021-04-06,32.33000183105469,32.56999969482422,32.04999923706055,32.290000915527344,29.11284828186035,8973300
2021-04-07,32.20000076293945,32.66999816894531,32.150001525878906,32.279998779296875,29.103830337524414,6836800
2021-04-08,32.52000045776367,32.689998626708984,32.040000915527344,32.380001068115234,29.19399070739746,7066500
2021-04-09,32.380001068115234,32.9900016784668,32.34000015258789,32.97999954223633,29.734952926635742,6635300
2021-04-12,32.97999954223633,33.18000030517578,32.560001373291016,32.7400016784668,29.518569946289062,7861600
2021-04-13,32.77000045776367,33.09000015258789,32.34000015258789,33.040000915527344,29.789052963256836,9579700
2021-04-14,32.95000076293945,33.61000061035156,32.90999984741211,33.20000076293945,29.933305740356445,7798500
2021-04-15,33.4900016784668,33.81999969482422,33.290000915527344,33.619998931884766,30.311979293823242,7402600
2021-04-16,33.84000015258789,34.27000045776367,33.790000915527344,33.97999954223633,30.636558532714844,7281600
2021-04-19,33.79999923706055,34.040000915527344,33.599998474121094,33.70000076293945,30.384109497070312,7808600
2021-04-20,33.86000061035156,34.029998779296875,33.25,33.369998931884766,30.08658218383789,8219500
2021-04-21,33.27000045776367,34.0099983215332,33.20000076293945,33.900001525878906,30.564435958862305,6392100
2021-04-22,34.02000045776367,34.29999923706055,33.7400016784668,33.77000045776367,30.447221755981445,7579700
2021-04-23,33.869998931884766,34.61000061035156,33.7400016784668,34.41999816894531,31.033262252807617,6192800
2021-04-26,34.5,34.849998474121094,34.2400016784668,34.33000183105469,30.952125549316406,5311400
2021-04-27,34.380001068115234,34.70000076293945,34.279998779296875,34.43000030517578,31.042287826538086,6578900
2021-04-28,34.43000030517578,34.4900016784668,34.06999969482422,34.31999969482422,30.943099975585938,6245600
2021-04-29,34.619998931884766,34.869998931884766,34.209999084472656,34.70000076293945,31.285715103149414,7533400
2021-04-30,34.56999969482422,34.61000061035156,33.90999984741211,34.11000061035156,30.753761291503906,8807800
2021-05-03,34.33000183105469,34.63999938964844,34.11000061035156,34.47999954223633,31.08736228942871,6234900
2021-05-04,34.25,34.380001068115234,33.630001068115234,33.959999084472656,30.61852264404297,8884100
2021-05-05,34.2400016784668,34.689998626708984,34.2400016784668,34.45000076293945,31.060312271118164,5498700
2021-05-06,34.41999816894531,35.0,34.20000076293945,34.97999954223633,31.53816795349121,5583900
2021-05-07,34.9900016784668,35.59000015258789,34.810001373291016,35.56999969482422,32.07011032104492,6796400
2021-05-10,35.88999938964844,36.0,35.22999954223633,35.25,31.78160285949707,7745900
2021-05-11,34.52000045776367,34.599998474121094,33.2400016784668,33.59000015258789,30.284934997558594,11388800
2021-05-12,33.25,33.369998931884766,31.770000457763672,31.950000762939453,28.806299209594727,12679900
2021-05-13,32.0,32.650001525878906,31.940000534057617,32.38999938964844,29.2030086517334,10282600
2021-05-14,32.65999984741211,33.189998626708984,32.33000183105469,32.91999816894531,29.680858612060547,7289600
2021-05-17,32.7400016784668,33.130001068115234,32.380001068115234,33.040000915527344,29.789052963256836,8442400
2021-05-18,33.06999969482422,33.06999969482422,32.310001373291016,32.34000015258789,29.157928466796875,7568100
2021-05-19,31.75,31.8700008392334,31.219999313354492,31.799999237060547,28.671058654785156,10975200
2021-05-20,31.979999542236328,32.209999084472656,31.56999969482422,32.040000915527344,28.8874454498291,7495100
2021-05-21,32.2599983215332,32.439998626708984,31.6299991607666,31.65999984741211,28.544836044311523,8679900
2021-05-24,32.88999938964844,32.88999938964844,32.119998931884766,32.310001373291016,29.130874633789062,8591600
2021-05-25,32.5,32.79999923706055,31.809999465942383,31.860000610351562,28.725154876708984,9366000
2021-05-26,31.950000762939453,32.189998626708984,31.770000457763672,32.16999816894531,29.004650115966797,10337500
2021-05-27,32.43000030517578,32.52000045776367,31.84000015258789,32.099998474121094,28.941539764404297,24469000
2021-05-28,30.459999084472656,30.59000015258789,29.06999969482422,29.229999542236328,26.353933334350586,36879400
2021-06-01,29.719999313354492,29.969999313354492,29.3799991607666,29.860000610351562,26.92194366455078,15438700
2021-06-02,29.81999969482422,30.18000030517578,29.700000762939453,29.780000686645508,26.849817276000977,11186100
2021-06-03,29.600000381469727,30.09000015258789,29.56999969482422,29.93000030517578,26.985055923461914,8983200
2021-06-04,30.049999237060547,30.809999465942383,30.049999237060547,30.6299991607666,27.61617660522461,11233700
2021-06-07,30.799999237060547,30.889999389648438,30.219999313354492,30.549999237060547,27.544050216674805,9071500
2021-06-08,30.479999542236328,30.59000015258789,29.920000076293945,30.420000076293945,27.602123260498047,10084900
2021-06-09,30.600000381469727,30.600000381469727,29.8799991607666,30.049999237060547,27.26639175415039,12472800
2021-06-10,30.34000015258789,30.450000762939453,29.93000030517578,29.969999313354492,27.19380760192871,7948000
2021-06-11,29.850000381469727,30.200000762939453,29.850000381469727,30.079999923706055,27.29361915588379,11422000
2021-06-14,30.040000915527344,30.1200008392334,29.149999618530273,29.389999389648438,26.667530059814453,12610900
2021-06-15,29.459999084472656,29.729999542236328,29.440000534057617,29.59000015258789,26.84900665283203,8406000
2021-06-16,29.309999465942383,29.559999465942383,28.940000534057617,29.030000686645508,26.340885162353516,12431900
2021-06-17,29.09000015258789,29.25,28.1200008392334,28.639999389648438,25.987009048461914,12545500
2021-06-18,28.1299991607666,28.739999771118164,28.020000457763672,28.670000076293945,26.014230728149414,25007000
2021-06-21,28.899999618530273,29.479999542236328,28.84000015258789,29.209999084472656,26.50420570373535,9318400
2021-06-22,29.229999542236328,29.270000457763672,28.780000686645508,29.139999389648438,26.440689086914062,8631800
2021-06-23,29.18000030517578,29.510000228881836,28.959999084472656,29.200000762939453,26.49513053894043,7914000
2021-06-24,29.5,29.510000228881836,29.110000610351562,29.469999313354492,26.740123748779297,6270700
2021-06-25,29.399999618530273,29.920000076293945,29.3700008392334,29.709999084472656,26.9578914642334,17050100
2021-06-28,29.760000228881836,30.030000686645508,29.639999389648438,29.809999465942383,27.048629760742188,6570000
2021-06-29,29.950000762939453,30.31999969482422,29.790000915527344,30.139999389648438,27.348060607910156,7779100
2021-06-30,30.1299991607666,30.280000686645508,29.8799991607666,30.190000534057617,27.3934268951416,7129200
2021-07-01,30.260000228881836,30.469999313354492,30.1299991607666,30.350000381469727,27.538606643676758,7606500
2021-07-02,30.520000457763672,30.809999465942383,30.350000381469727,30.700000762939453,27.856185913085938,6294700
2021-07-06,30.579999923706055,30.649999618530273,29.920000076293945,30.18000030517578,27.384355545043945,7533400
2021-07-07,30.290000915527344,30.5,30.030000686645508,30.280000686645508,27.475093841552734,7349900
2021-07-08,29.739999771118164,30.190000534057617,29.459999084472656,29.920000076293945,27.1484432220459,6996800
2021-07-09,30.25,30.469999313354492,30.010000228881836,30.040000915527344,27.25732421875,10959100
2021-07-12,29.899999618530273,29.93000030517578,28.6299991607666,29.209999084472656,26.50420570373535,14636600
2021-07-13,29.040000915527344,29.06999969482422,28.15999984741211,28.190000534057617,25.578689575195312,13290500
2021-07-14,28.450000762939453,28.850000381469727,28.309999465942383,28.59000015258789,25.94164276123047,7022000
2021-07-15,28.399999618530273,28.489999771118164,27.829999923706055,28.100000381469727,25.497028350830078,10203100
2021-07-16,28.209999084472656,28.3700008392334,27.459999084472656,27.520000457763672,24.97075653076172,7143000
2021-07-19,27.1200008392334,27.799999237060547,26.90999984741211,27.59000015258789,25.034271240234375,12621200
2021-07-20,27.739999771118164,28.670000076293945,27.739999771118164,28.209999084472656,25.596839904785156,13161300
2021-07-21,28.450000762939453,28.639999389648438,28.06999969482422,28.520000457763672,25.87812614440918,11177700
2021-07-22,28.59000015258789,28.639999389648438,27.719999313354492,27.799999237060547,25.224821090698242,8836700
2021-07-23,27.969999313354492,28.40999984741211,27.90999984741211,28.200000762939453,25.587766647338867,8394700
2021-07-26,28.350000381469727,28.809999465942383,28.350000381469727,28.479999542236328,25.841827392578125,5687600
2021-07-27,28.149999618530273,28.40999984741211,27.850000381469727,28.399999618530273,25.769243240356445,9027000
2021-07-28,28.469999313354492,28.670000076293945,28.15999984741211,28.469999313354492,25.8327579498291,5932900
2021-07-29,28.670000076293945,28.979999542236328,28.600000381469727,28.780000686645508,26.114038467407227,6496400
2021-07-30,28.479999542236328,28.979999542236328,28.329999923706055,28.8700008392334,26.195707321166992,6815000
2021-08-02,29.049999237060547,29.479999542236328,28.920000076293945,29.139999389648438,26.440689086914062,8016500
2021-08-03,29.299999237060547,29.649999618530273,29.110000610351562,29.530000686645508,26.794565200805664,8118100
2021-08-04,29.25,29.579999923706055,29.049999237060547,29.06999969482422,26.377178192138672,6062600
2021-08-05,29.280000686645508,29.360000610351562,29.020000457763672,29.229999542236328,26.522356033325195,4855100
2021-08-06,29.270000457763672,29.690000534057617,29.229999542236328,29.31999969482422,26.604015350341797,5730800
2021-08-09,29.299999237060547,29.559999465942383,29.219999313354492,29.31999969482422,26.604015350341797,5828400
2021-08-10,29.399999618530273,29.940000534057617,29.360000610351562,29.729999542236328,26.97603988647461,7458700
2021-08-11,29.719999313354492,30.3799991607666,29.579999923706055,30.100000381469727,27.311765670776367,5644800
2021-08-12,30.139999389648438,30.479999542236328,30.030000686645508,30.399999618530273,27.583974838256836,5329400
2021-08-13,30.1299991607666,30.15999984741211,28.979999542236328,29.010000228881836,26.322738647460938,11393300
2021-08-16,28.920000076293945,29.530000686645508,28.6299991607666,29.440000534057617,26.712900161743164,7672800
2021-08-17,29.280000686645508,29.299999237060547,28.420000076293945,28.68000030517578,26.02330207824707,8946000
2021-08-18,28.239999771118164,28.799999237060547,28.1299991607666,28.219999313354492,25.605913162231445,8190300
2021-08-19,27.93000030517578,28.1200008392334,27.549999237060547,27.780000686645508,25.2066707611084,9137800
2021-08-20,27.860000610351562,28.350000381469727,27.84000015258789,28.219999313354492,25.605913162231445,7878800
2021-08-23,28.440000534057617,28.670000076293945,28.239999771118164,28.559999465942383,25.914419174194336,6733600
2021-08-24,28.65999984741211,28.989999771118164,28.5,28.899999618530273,26.22292137145996,6974000
2021-08-25,28.93000030517578,29.739999771118164,28.860000610351562,29.389999389648438,26.667530059814453,11460300
2021-08-26,29.600000381469727,29.6299991607666,28.959999084472656,29.100000381469727,26.404396057128906,12504100
2021-08-27,27.790000915527344,29.100000381469727,27.510000228881836,28.920000076293945,26.241071701049805,23469000
2021-08-30,29.139999389648438,30.229999542236328,28.979999542236328,29.739999771118164,26.985111236572266,13430400
2021-08-31,29.84000015258789,30.360000610351562,29.65999984741211,29.739999771118164,26.985111236572266,14276400
2021-09-01,29.690000534057617,29.799999237060547,29.1299991607666,29.219999313354492,26.513280868530273,11839800
2021-09-02,29.3799991607666,29.75,29.280000686645508,29.600000381469727,26.85807991027832,8280900
2021-09-03,29.510000228881836,30.030000686645508,29.450000762939453,29.860000610351562,27.093996047973633,8119600
2021-09-07,29.5,29.579999923706055,28.639999389648438,28.649999618530273,26.16608238220215,11345800
2021-09-08,28.549999237060547,28.6200008392334,28.020000457763672,28.190000534057617,25.745962142944336,9890000
2021-09-09,28.1299991607666,28.520000457763672,27.8799991607666,28.209999084472656,25.76422882080078,7907700
2021-09-10,28.389999389648438,28.579999923706055,27.979999542236328,28.0,25.572437286376953,7346300
2021-09-13,28.209999084472656,28.469999313354492,28.1200008392334,28.3799991607666,25.919490814208984,8211300
2021-09-14,28.469999313354492,28.469999313354492,27.489999771118164,27.559999465942383,25.17058563232422,6591300
2021-09-15,27.549999237060547,28.079999923706055,27.3799991607666,27.950000762939453,25.526771545410156,7104500
2021-09-16,27.959999084472656,28.190000534057617,27.829999923706055,28.040000915527344,25.60896873474121,6107400
2021-09-17,27.84000015258789,27.950000762939453,27.459999084472656,27.68000030517578,25.280181884765625,13268800
2021-09-20,27.059999465942383,27.299999237060547,26.809999465942383,27.239999771118164,24.878328323364258,8460700
2021-09-21,27.489999771118164,27.510000228881836,26.770000457763672,26.829999923706055,24.503873825073242,8719100
2021-09-22,27.25,27.770000457763672,27.190000534057617,27.59000015258789,25.19798469543457,7844300
2021-09-23,27.770000457763672,28.229999542236328,27.709999084472656,27.979999542236328,25.554170608520508,6323200
2021-09-24,27.84000015258789,28.190000534057617,27.799999237060547,27.889999389648438,25.471973419189453,4292900
2021-09-27,27.850000381469727,28.979999542236328,27.850000381469727,28.709999084472656,26.220882415771484,8797800
2021-09-28,28.59000015258789,29.540000915527344,28.450000762939453,28.579999923706055,26.102148056030273,11729800
2021-09-29,27.56999969482422,28.0,27.170000076293945,27.309999465942383,24.942258834838867,11513300
2021-09-30,27.639999389648438,28.079999923706055,27.200000762939453,27.360000610351562,24.987924575805664,10304100
2021-10-01,27.530000686645508,28.260000228881836,27.350000381469727,28.06999969482422,25.63636589050293,7473400
2021-10-04,27.959999084472656,28.540000915527344,27.950000762939453,28.079999923706055,25.6455020904541,7881600
2021-10-05,28.280000686645508,28.5,27.940000534057617,28.299999237060547,25.84642791748047,6966900
2021-10-06,27.90999984741211,28.139999389648438,27.389999389648438,27.75,25.344112396240234,8765000
2021-10-07,27.959999084472656,28.389999389648438,27.90999984741211,28.049999237060547,25.618099212646484,7714800
2021-10-08,28.299999237060547,28.3799991607666,27.809999465942383,27.889999389648438,25.471973419189453,7211700
2021-10-11,27.969999313354492,28.100000381469727,27.59000015258789,27.68000030517578,25.280181884765625,7319100
2021-10-12,27.68000030517578,27.81999969482422,26.450000762939453,26.549999237060547,24.248149871826172,15261700
2021-10-13,26.450000762939453,26.670000076293945,26.110000610351562,26.479999542236328,24.18421745300293,12821900
2021-10-14,26.780000686645508,27.610000610351562,26.690000534057617,27.489999771118164,25.106653213500977,7555300
2021-10-15,27.6200008392334,28.6200008392334,27.610000610351562,28.280000686645508,25.82815933227539,14068400
2021-10-18,28.09000015258789,28.93000030517578,28.09000015258789,28.600000381469727,26.12041473388672,8972100
2021-10-19,28.700000762939453,29.06999969482422,28.6200008392334,28.860000610351562,26.357877731323242,8696400
2021-10-20,28.979999542236328,29.299999237060547,28.5,28.59000015258789,26.111284255981445,11236500
2021-10-21,29.450000762939453,30.799999237060547,29.31999969482422,30.56999969482422,27.919620513916016,21188500
2021-10-22,30.479999542236328,31.0,30.309999465942383,30.469999313354492,27.828289031982422,11161000
2021-10-25,30.850000381469727,30.979999542236328,30.25,30.6299991607666,27.97442054748535,7640300
2021-10-26,30.75,30.780000686645508,29.989999771118164,30.139999389648438,27.526899337768555,8680700
2021-10-27,30.190000534057617,30.309999465942383,29.649999618530273,29.700000762939453,27.125049591064453,7504800
2021-10-28,29.93000030517578,30.540000915527344,29.850000381469727,30.450000762939453,27.810022354125977,7023000
2021-10-29,30.270000457763672,30.68000030517578,30.100000381469727,30.329999923706055,27.700428009033203,7772500
2021-11-01,30.420000076293945,31.260000228881836,30.360000610351562,31.25,28.54066276550293,8312500
2021-11-02,31.25,31.6299991607666,30.75,31.010000228881836,28.32147216796875,8487500
2021-11-03,30.899999618530273,31.3799991607666,30.75,31.25,28.54066276550293,6253200
2021-11-04,31.290000915527344,31.649999618530273,31.110000610351562,31.329999923706055,28.613731384277344,5267000
2021-11-05,31.59000015258789,32.040000915527344,31.5,31.950000762939453,29.179977416992188,8504100
2021-11-08,31.899999618530273,32.279998779296875,31.520000457763672,31.600000381469727,28.860322952270508,7662000
2021-11-09,31.579999923706055,32.11000061035156,31.530000686645508,31.770000457763672,29.01558494567871,4536900
2021-11-10,31.690000534057617,32.13999938964844,31.389999389648438,31.520000457763672,28.78725814819336,6744800
2021-11-11,31.600000381469727,32.06999969482422,31.540000915527344,31.690000534057617,28.942520141601562,4589900
2021-11-12,31.670000076293945,31.93000030517578,31.420000076293945,31.81999969482422,29.061246871948242,6016700
2021-11-15,31.920000076293945,32.029998779296875,31.229999542236328,31.350000381469727,28.631999969482422,7091100
2021-11-16,31.3799991607666,31.68000030517578,31.209999084472656,31.209999084472656,28.504133224487305,5973300
2021-11-17,31.209999084472656,31.31999969482422,30.850000381469727,30.93000030517578,28.248411178588867,6997200
2021-11-18,31.100000381469727,31.469999313354492,30.639999389648438,31.40999984741211,28.68679428100586,6979300
2021-11-19,31.459999084472656,31.790000915527344,31.219999313354492,31.450000762939453,28.723323822021484,7931600
2021-11-22,31.600000381469727,32.56999969482422,31.420000076293945,31.93000030517578,29.16170883178711,10940100
2021-11-23,32.04999923706055,32.529998779296875,31.84000015258789,32.189998626708984,29.399169921875,13042700
2021-11-24,34.0,36.209999084472656,34.0,35.439998626708984,32.367393493652344,34001100
2021-11-26,34.650001525878906,35.2400016784668,34.400001525878906,34.58000183105469,31.58196449279785,9289800
2021-11-29,34.77000045776367,36.09000015258789,34.65999984741211,35.93000030517578,32.81491470336914,16670700
2021-11-30,35.56999969482422,35.959999084472656,34.93000030517578,35.279998779296875,32.221275329589844,20479200
2021-12-01,35.9900016784668,38.380001068115234,35.66999816894531,36.459999084472656,33.29896545410156,24511000
2021-12-02,36.45000076293945,38.27000045776367,36.310001373291016,37.63999938964844,34.37666320800781,18331200
2021-12-03,37.86000061035156,38.4900016784668,37.13999938964844,37.54999923706055,34.29446029663086,16219000
2021-12-06,37.79999923706055,38.220001220703125,36.91999816894531,36.93000030517578,33.728214263916016,12219500
2021-12-07,37.29999923706055,37.70000076293945,36.97999954223633,37.290000915527344,34.28912353515625,10699300
2021-12-08,37.459999084472656,37.54999923706055,36.63999938964844,36.709999084472656,33.75579833984375,10980600
2021-12-09,36.0,36.4900016784668,35.810001373291016,36.150001525878906,33.240867614746094,14452800
2021-12-10,36.470001220703125,36.849998474121094,35.97999954223633,36.43000030517578,33.498329162597656,9650500
2021-12-13,36.29999923706055,36.400001525878906,35.2400016784668,35.279998779296875,32.44087600708008,10614700
2021-12-14,35.040000915527344,35.869998931884766,34.83000183105469,35.599998474121094,32.73512649536133,11187100
2021-12-15,35.7400016784668,36.310001373291016,35.34000015258789,36.2599983215332,33.342010498046875,9127000
2021-12-16,36.36000061035156,37.029998779296875,36.15999984741211,36.70000076293945,33.74660873413086,12380000
2021-12-17,36.5,37.290000915527344,36.47999954223633,36.56999969482422,33.6270637512207,30029500
2021-12-20,36.09000015258789,36.189998626708984,35.58000183105469,36.130001068115234,33.222476959228516,9298300
2021-12-21,36.560001373291016,37.060001373291016,36.29999923706055,37.02000045776367,34.04085159301758,9113800
2021-12-22,36.90999984741211,37.349998474121094,36.459999084472656,37.279998779296875,34.27993392944336,6947900
2021-12-23,37.13999938964844,38.040000915527344,37.119998931884766,37.650001525878906,34.62015151977539,6620900
2021-12-27,37.529998779296875,38.189998626708984,37.529998779296875,38.099998474121094,35.033939361572266,5805700
2021-12-28,38.150001525878906,38.380001068115234,37.7400016784668,37.95000076293945,34.89601516723633,5220100
2021-12-29,37.83000183105469,38.40999984741211,37.810001373291016,37.97999954223633,34.92360305786133,4626800
2021-12-30,38.099998474121094,38.209999084472656,37.689998626708984,37.75,34.712100982666016,4284700
2021-12-31,37.790000915527344,38.09000015258789,37.630001068115234,37.66999816894531,34.6385383605957,4878200
2022-01-03,37.709999084472656,38.16999816894531,37.59000015258789,38.02000045776367,34.96038055419922,7054400
2022-01-04,38.45000076293945,39.4900016784668,38.38999938964844,39.20000076293945,36.0454216003418,9633700
2022-01-05,39.22999954223633,39.650001525878906,38.86000061035156,38.869998931884766,35.741981506347656,10956200
2022-01-06,38.599998474121094,38.959999084472656,38.16999816894531,38.68000030517578,35.56726837158203,7976400
2022-01-07,38.900001525878906,39.02000045776367,38.400001525878906,38.650001525878906,35.5396842956543,7221100
2022-01-10,38.59000015258789,38.97999954223633,37.97999954223633,38.959999084472656,35.82473373413086,10272400
2022-01-11,38.9900016784668,39.20000076293945,38.65999984741211,39.189998626708984,36.03622817993164,8085400
2022-01-12,39.369998931884766,39.650001525878906,38.90999984741211,38.9900016784668,35.85232162475586,9091800
2022-01-13,39.150001525878906,39.34000015258789,38.650001525878906,38.70000076293945,35.585655212402344,9313900
2022-01-14,38.16999816894531,38.52000045776367,37.959999084472656,38.41999816894531,35.328189849853516,8535700
2022-01-18,38.0099983215332,38.34000015258789,37.540000915527344,37.630001068115234,34.601768493652344,8175300
2022-01-19,37.779998779296875,38.029998779296875,36.54999923706055,36.599998474121094,33.65465545654297,7245900
2022-01-20,36.70000076293945,37.2400016784668,36.029998779296875,36.11000061035156,33.2040901184082,9943700
2022-01-21,36.0,36.099998474121094,34.790000915527344,34.86000061035156,32.0546760559082,10246500
2022-01-24,34.29999923706055,35.650001525878906,34.150001525878906,35.619998931884766,32.75351333618164,13039500
2022-01-25,34.959999084472656,35.38999938964844,33.61000061035156,34.97999954223633,32.1650276184082,12091600
2022-01-26,35.689998626708984,36.20000076293945,34.84000015258789,35.22999954223633,32.39490509033203,10823200
2022-01-27,36.0,36.459999084472656,34.9900016784668,35.209999084472656,32.37651062011719,9649500
2022-01-28,35.189998626708984,36.33000183105469,34.90999984741211,36.29999923706055,33.37879180908203,9466600
2022-01-31,36.119998931884766,36.810001373291016,35.91999816894531,36.72999954223633,33.774192810058594,11087300
2022-02-01,36.86000061035156,37.47999954223633,36.72999954223633,37.459999084472656,34.4454460144043,10772400
2022-02-02,37.529998779296875,38.22999954223633,37.529998779296875,38.15999984741211,35.089115142822266,11126400
2022-02-03,37.869998931884766,38.439998626708984,37.66999816894531,37.720001220703125,34.68452453613281,6767900
2022-02-04,37.4900016784668,37.9900016784668,37.0099983215332,37.599998474121094,34.57417678833008,7085700
2022-02-07,37.540000915527344,37.7400016784668,37.150001525878906,37.4900016784668,34.4730339050293,7718100
2022-02-08,37.5,38.099998474121094,37.25,38.0,34.94198989868164,5903300
2022-02-09,38.16999816894531,38.5,37.79999923706055,38.400001525878906,35.3098030090332,8570300
2022-02-10,38.0,39.06999969482422,37.900001525878906,38.11000061035156,35.04314041137695,8800300
2022-02-11,38.11000061035156,38.400001525878906,37.119998931884766,37.33000183105469,34.32591247558594,6820400
2022-02-14,37.2599983215332,37.310001373291016,36.04999923706055,36.5099983215332,33.571895599365234,9510100
2022-02-15,36.900001525878906,37.400001525878906,36.72999954223633,37.369998931884766,34.36268615722656,8162700
2022-02-16,37.06999969482422,38.04999923706055,37.06999969482422,37.88999938964844,34.84083557128906,6762800
2022-02-17,37.43000030517578,37.75,36.38999938964844,36.41999816894531,33.4891357421875,7633700
2022-02-18,36.439998626708984,36.77000045776367,35.9900016784668,36.20000076293945,33.28684616088867,9601600
2022-02-22,36.04999923706055,36.220001220703125,34.619998931884766,35.189998626708984,32.35811233520508,10025700
2022-02-23,35.52000045776367,35.66999816894531,34.38999938964844,34.540000915527344,31.76042938232422,9701200
2022-02-24,33.349998474121094,34.58000183105469,33.040000915527344,34.529998779296875,31.75123405456543,12863700
2022-02-25,34.0,34.689998626708984,33.22999954223633,34.45000076293945,31.67767333984375,13405800
2022-02-28,34.290000915527344,34.66999816894531,33.529998779296875,34.36000061035156,31.594913482666016,19162900
2022-03-01,34.209999084472656,35.29999923706055,33.709999084472656,34.06999969482422,31.3282527923584,21951600
2022-03-02,34.84000015258789,36.59000015258789,34.779998779296875,36.310001373291016,33.387996673583984,21211300
2022-03-03,36.33000183105469,36.790000915527344,36.0099983215332,36.619998931884766,33.67304611206055,16730100
2022-03-04,36.31999969482422,36.5099983215332,35.630001068115234,36.349998474121094,33.42477035522461,14369300
2022-03-07,36.04999923706055,36.18000030517578,35.119998931884766,35.65999984741211,32.79030227661133,17613100
2022-03-08,35.54999923706055,36.61000061035156,35.310001373291016,35.630001068115234,32.99402618408203,23796900
2022-03-09,36.400001525878906,36.599998474121094,35.59000015258789,36.04999923706055,33.38294982910156,17680800
2022-03-10,35.70000076293945,36.16999816894531,35.09000015258789,36.150001525878906,33.475555419921875,15985500
2022-03-11,36.209999084472656,36.75,35.459999084472656,36.290000915527344,33.60519790649414,13238300
2022-03-14,35.970001220703125,36.560001373291016,33.75,34.099998474121094,31.577219009399414,19428100
2022-03-15,34.0099983215332,35.189998626708984,33.86000061035156,34.86000061035156,32.280982971191406,15717100
2022-03-16,35.27000045776367,35.81999969482422,34.77000045776367,35.810001373291016,33.160709381103516,16783500
2022-03-17,35.400001525878906,35.43000030517578,33.7400016784668,34.4900016784668,31.9383602142334,20448300
2022-03-18,34.77000045776367,37.59000015258789,34.15999984741211,37.09000015258789,34.34600830078125,60910300
2022-03-21,36.900001525878906,37.75,36.720001220703125,37.540000915527344,34.76272201538086,22773800
2022-03-22,37.970001220703125,38.529998779296875,37.38999938964844,38.22999954223633,35.401668548583984,17128500
2022-03-23,37.900001525878906,38.79999923706055,37.720001220703125,37.72999954223633,34.938655853271484,15259100
2022-03-24,37.849998474121094,38.75,37.790000915527344,38.529998779296875,35.67947769165039,10670700
2022-03-25,38.40999984741211,39.84000015258789,38.40999984741211,39.84000015258789,36.89255142211914,13385900
2022-03-28,38.36000061035156,39.09000015258789,37.59000015258789,38.75,35.88320541381836,19321400
2022-03-29,39.16999816894531,39.869998931884766,38.68000030517578,39.720001220703125,36.78144073486328,10244400
2022-03-30,39.72999954223633,40.369998931884766,38.7400016784668,38.84000015258789,35.96654510498047,12195600
2022-03-31,36.970001220703125,37.09000015258789,35.810001373291016,36.29999923706055,33.61444854736328,27041100
2022-04-01,36.130001068115234,36.599998474121094,34.9900016784668,35.599998474121094,32.96623992919922,20832400
2022-04-04,35.779998779296875,36.68000030517578,35.72999954223633,36.63999938964844,33.92930221557617,18454100
2022-04-05,36.2400016784668,36.75,35.83000183105469,36.0,33.336647033691406,10609500
2022-04-06,35.54999923706055,35.7400016784668,34.470001220703125,34.90999984741211,32.32728958129883,17612900
2022-04-07,39.029998779296875,41.470001220703125,38.70000076293945,40.060001373291016,37.09628677368164,94455200
2022-04-08,39.11000061035156,40.16999816894531,38.279998779296875,38.630001068115234,35.77207565307617,33288000
2022-04-11,38.439998626708984,39.220001220703125,38.02000045776367,38.189998626708984,35.364627838134766,15432000
2022-04-12,38.529998779296875,39.540000915527344,37.75,37.88999938964844,35.08681869506836,13858500
2022-04-13,37.720001220703125,38.20000076293945,37.689998626708984,37.939998626708984,35.13312530517578,10026000
2022-04-14,37.95000076293945,38.09000015258789,37.45000076293945,37.470001220703125,34.69790267944336,9556100
2022-04-18,37.540000915527344,38.68000030517578,37.529998779296875,38.43000030517578,35.586875915527344,12644600
2022-04-19,38.470001220703125,38.869998931884766,38.2400016784668,38.689998626708984,35.827632904052734,8618700
2022-04-20,38.9900016784668,39.779998779296875,38.9900016784668,39.380001068115234,36.46658706665039,11075100
2022-04-21,39.2400016784668,39.5099983215332,38.220001220703125,38.290000915527344,35.45722961425781,9499600
2022-04-22,38.119998931884766,38.119998931884766,36.75,36.790000915527344,34.068199157714844,9247400
2022-04-25,36.599998474121094,37.04999923706055,36.220001220703125,37.0,34.262672424316406,9913100
2022-04-26,36.779998779296875,37.25,36.33000183105469,36.34000015258789,33.651493072509766,10588700
2022-04-27,36.400001525878906,37.15999984741211,36.09000015258789,36.45000076293945,33.75335693359375,9387700
2022-04-28,36.970001220703125,37.91999816894531,36.619998931884766,37.58000183105469,34.79975891113281,7618600
2022-04-29,37.36000061035156,38.209999084472656,36.560001373291016,36.630001068115234,33.9200439453125,9967800
2022-05-02,36.619998931884766,37.06999969482422,36.0099983215332,37.060001373291016,34.31822967529297,9426300
2022-05-03,36.95000076293945,38.15999984741211,36.880001068115234,37.91999816894531,35.114601135253906,7708000
2022-05-04,38.119998931884766,39.52000045776367,37.63999938964844,39.38999938964844,36.47584915161133,10158100
2022-05-05,38.93000030517578,39.099998474121094,37.5099983215332,37.90999984741211,35.1053466796875,8273800
2022-05-06,37.349998474121094,37.650001525878906,36.31999969482422,37.09000015258789,34.34600830078125,10110900
2022-05-09,36.15999984741211,37.220001220703125,36.130001068115234,37.0099983215332,34.27192306518555,9976200
2022-05-10,37.86000061035156,38.779998779296875,37.41999816894531,37.540000915527344,34.76272201538086,14516000
2022-05-11,37.16999816894531,37.72999954223633,35.790000915527344,35.86000061035156,33.20701217651367,10103900
2022-05-12,35.58000183105469,36.369998931884766,35.0,35.84000015258789,33.18849182128906,11518600
2022-05-13,36.13999938964844,36.9900016784668,35.970001220703125,36.779998779296875,34.05894088745117,8827600
2022-05-16,36.88999938964844,37.849998474121094,36.43000030517578,37.5099983215332,34.73493957519531,8442000
2022-05-17,38.380001068115234,39.709999084472656,38.20000076293945,39.619998931884766,36.6888313293457,13583600
2022-05-18,39.0,39.02000045776367,36.709999084472656,36.849998474121094,34.1237678527832,13234000
2022-05-19,36.369998931884766,36.630001068115234,35.06999969482422,35.72999954223633,33.08661651611328,13848600
2022-05-20,35.7599983215332,35.83000183105469,33.45000076293945,34.650001525878906,32.08652877807617,14521600
2022-05-23,34.77000045776367,35.130001068115234,34.16999816894531,35.060001373291016,32.46619415283203,12741000
2022-05-24,34.77000045776367,34.869998931884766,33.88999938964844,34.77000045776367,32.1976432800293,9615200
2022-05-25,34.529998779296875,36.06999969482422,34.38999938964844,35.56999969482422,32.93846130371094,11468100
2022-05-26,35.72999954223633,36.959999084472656,35.52000045776367,36.77000045776367,34.0496826171875,10805200
2022-05-27,38.0,39.13999938964844,38.0,38.75,35.88320541381836,14840200
2022-05-31,38.689998626708984,39.5099983215332,38.2599983215332,38.84000015258789,35.96654510498047,26899500
2022-06-01,39.7599983215332,40.790000915527344,39.04999923706055,40.34000015258789,37.35557174682617,19330000
2022-06-02,39.90999984741211,40.20000076293945,39.209999084472656,39.88999938964844,36.938865661621094,12330500
2022-06-03,39.349998474121094,40.279998779296875,39.27000045776367,39.810001373291016,36.86478042602539,6884600
2022-06-06,40.06999969482422,40.59000015258789,39.279998779296875,39.52000045776367,36.59623336791992,8041200
2022-06-07,38.880001068115234,39.470001220703125,38.58000183105469,39.36000061035156,36.68010330200195,6560200
2022-06-08,39.0099983215332,39.0099983215332,37.849998474121094,37.95000076293945,35.366111755371094,10885400
2022-06-09,37.84000015258789,38.119998931884766,36.65999984741211,36.66999816894531,34.17325973510742,8047700
2022-06-10,35.88999938964844,36.22999954223633,35.25,35.279998779296875,32.87789535522461,9522500
2022-06-13,34.400001525878906,34.68000030517578,33.599998474121094,33.7599983215332,31.46138572692871,12114900
2022-06-14,33.900001525878906,34.130001068115234,33.36000061035156,33.75,31.45207405090332,10769300
2022-06-15,34.2599983215332,34.939998626708984,33.869998931884766,34.40999984741211,32.067138671875,12683600
2022-06-16,33.650001525878906,33.66999816894531,32.310001373291016,32.709999084472656,30.482881546020508,13398000
2022-06-17,32.880001068115234,33.810001373291016,32.630001068115234,33.54999923706055,31.265687942504883,20542300
2022-06-21,34.459999084472656,34.88999938964844,34.06999969482422,34.290000915527344,31.955305099487305,11277200
2022-06-22,33.68000030517578,34.119998931884766,33.40999984741211,33.7400016784668,31.44275665283203,10701700
2022-06-23,33.90999984741211,34.04999923706055,33.41999816894531,33.869998931884766,31.56389617919922,7334100
2022-06-24,34.2599983215332,35.2599983215332,34.209999084472656,35.22999954223633,32.83130645751953,10532800
2022-06-27,35.439998626708984,35.75,35.150001525878906,35.36000061035156,32.952457427978516,5804500
2022-06-28,35.40999984741211,35.70000076293945,34.18000030517578,34.439998626708984,32.095088958740234,7226000
2022-06-29,34.34000015258789,34.369998931884766,33.439998626708984,33.61000061035156,31.321605682373047,5989000
2022-06-30,32.95000076293945,33.400001525878906,32.61000061035156,32.779998779296875,30.54811668395996,10878700
2022-07-01,32.66999816894531,32.869998931884766,31.479999542236328,31.8700008392334,29.700075149536133,12193600
2022-07-05,30.90999984741211,31.559999465942383,30.010000228881836,31.540000915527344,29.39254379272461,13971000
2022-07-06,31.540000915527344,31.700000762939453,30.760000228881836,31.170000076293945,29.0477352142334,8306000
2022-07-07,31.649999618530273,32.0,31.459999084472656,31.780000686645508,29.61620330810547,7022200
2022-07-08,31.920000076293945,32.41999816894531,31.559999465942383,32.11000061035156,29.92373275756836,6584700
2022-07-11,31.559999465942383,31.829999923706055,31.280000686645508,31.399999618530273,29.262075424194336,5855500
2022-07-12,31.450000762939453,31.940000534057617,31.059999465942383,31.329999923706055,29.196842193603516,9769200
2022-07-13,30.760000228881836,31.399999618530273,30.510000228881836,31.059999465942383,28.945226669311523,7313000
2022-07-14,30.520000457763672,31.280000686645508,30.260000228881836,31.18000030517578,29.057056427001953,7471600
2022-07-15,31.610000610351562,31.729999542236328,31.31999969482422,31.65999984741211,29.504371643066406,7103600
2022-07-18,31.989999771118164,32.400001525878906,31.3700008392334,31.5,29.355266571044922,7539600
2022-07-19,31.959999084472656,32.88999938964844,31.93000030517578,32.83000183105469,30.59471321105957,8753800
2022-07-20,32.900001525878906,33.470001220703125,32.56999969482422,32.939998626708984,30.697223663330078,5546800
2022-07-21,32.81999969482422,33.52000045776367,32.540000915527344,33.459999084472656,31.181814193725586,6927700
2022-07-22,33.20000076293945,33.56999969482422,32.310001373291016,32.470001220703125,30.259225845336914,7558900
2022-07-25,32.63999938964844,32.72999954223633,32.20000076293945,32.599998474121094,30.380373001098633,4482300
2022-07-26,32.529998779296875,32.650001525878906,31.8799991607666,31.950000762939453,29.774627685546875,5908200
2022-07-27,32.189998626708984,32.83000183105469,31.850000381469727,32.619998931884766,30.39900779724121,6991000
2022-07-28,32.66999816894531,33.220001220703125,32.29999923706055,32.88999938964844,30.650623321533203,4713500
2022-07-29,33.0,33.41999816894531,32.5099983215332,33.38999938964844,31.116588592529297,8459200
2022-08-01,33.04999923706055,33.83000183105469,33.0099983215332,33.66999816894531,31.377513885498047,6400700
2022-08-02,33.310001373291016,33.310001373291016,32.439998626708984,32.7400016784668,30.510841369628906,5776100
2022-08-03,33.119998931884766,33.27000045776367,32.29999923706055,32.959999084472656,30.715856552124023,7073900
2022-08-04,32.880001068115234,33.279998779296875,32.61000061035156,33.2599983215332,30.99542999267578,6559800
2022-08-05,32.7599983215332,33.9900016784668,32.720001220703125,33.58000183105469,31.293649673461914,6523900
2022-08-08,33.79999923706055,34.04999923706055,33.349998474121094,33.45000076293945,31.17249870300293,5651500
2022-08-09,33.18000030517578,33.2400016784668,32.04999923706055,32.4900016784668,30.277862548828125,9175500
2022-08-10,33.11000061035156,34.34000015258789,33.04999923706055,33.97999954223633,31.666410446166992,7426900
2022-08-11,33.83000183105469,34.779998779296875,33.83000183105469,34.220001220703125,31.890077590942383,7084000
2022-08-12,34.40999984741211,34.68000030517578,34.04999923706055,34.650001525878906,32.29079818725586,5489200
2022-08-15,34.369998931884766,34.7400016784668,34.13999938964844,34.400001525878906,32.05781936645508,4525700
2022-08-16,34.29999923706055,34.83000183105469,34.22999954223633,34.5,32.15100860595703,6605500
2022-08-17,34.380001068115234,34.66999816894531,34.02000045776367,34.310001373291016,31.97394561767578,7033700
2022-08-18,34.630001068115234,35.31999969482422,34.279998779296875,35.22999954223633,32.83130645751953,5989700
2022-08-19,34.54999923706055,34.630001068115234,33.65999984741211,34.22999954223633,31.899385452270508,9640400
2022-08-22,33.720001220703125,33.810001373291016,33.290000915527344,33.40999984741211,31.13521957397461,6436900
2022-08-23,33.400001525878906,33.97999954223633,33.34000015258789,33.400001525878906,31.125898361206055,5810000
2022-08-24,33.20000076293945,33.459999084472656,32.91999816894531,33.220001220703125,30.958154678344727,6467400
2022-08-25,33.52000045776367,34.52000045776367,33.470001220703125,34.470001220703125,32.123046875,7450900
2022-08-26,33.40999984741211,33.58000183105469,31.3700008392334,31.389999389648438,29.25275421142578,14112800
2022-08-29,31.049999237060547,31.989999771118164,31.030000686645508,31.530000686645508,29.383224487304688,10606600
2022-08-30,31.770000457763672,31.81999969482422,30.950000762939453,31.100000381469727,28.982501983642578,15527100
2022-08-31,29.5,30.219999313354492,28.670000076293945,28.709999084472656,26.755229949951172,28214900
2022-09-01,28.260000228881836,28.510000228881836,27.559999465942383,28.170000076293945,26.251995086669922,16713500
2022-09-02,28.579999923706055,28.670000076293945,27.530000686645508,27.639999389648438,25.758079528808594,12380500
2022-09-06,27.610000610351562,27.920000076293945,27.149999618530273,27.329999923706055,25.46919059753418,13430700
2022-09-07,27.209999084472656,27.600000381469727,26.8700008392334,27.469999313354492,25.599653244018555,10039400
2022-09-08,27.209999084472656,27.6200008392334,26.940000534057617,27.5,25.627614974975586,11824700
2022-09-09,27.719999313354492,28.360000610351562,27.700000762939453,28.260000228881836,26.33586883544922,8965600
2022-09-12,28.450000762939453,28.899999618530273,28.40999984741211,28.510000228881836,26.568843841552734,9386100
2022-09-13,27.389999389648438,27.700000762939453,26.809999465942383,26.959999084472656,25.34664535522461,10378100
2022-09-14,27.06999969482422,27.309999465942383,26.729999542236328,27.040000915527344,25.42185401916504,9079200
2022-09-15,26.8700008392334,27.40999984741211,26.6200008392334,26.940000534057617,25.327835083007812,11525200
2022-09-16,26.75,27.3700008392334,26.520000457763672,27.229999542236328,25.60048484802246,39538500
2022-09-19,26.979999542236328,27.31999969482422,26.59000015258789,26.950000762939453,25.337238311767578,9768600
2022-09-20,26.530000686645508,26.6200008392334,26.09000015258789,26.450000762939453,24.867158889770508,9853600
2022-09-21,26.6200008392334,26.940000534057617,26.0,26.0,24.444089889526367,8884100
2022-09-22,25.959999084472656,26.229999542236328,25.690000534057617,25.709999084472656,24.17144203186035,8775900
2022-09-23,25.290000915527344,25.469999313354492,24.920000076293945,25.350000381469727,23.832988739013672,8647100
2022-09-26,25.06999969482422,25.5,24.809999465942383,24.959999084472656,23.466327667236328,8872700
2022-09-27,25.3799991607666,25.56999969482422,24.84000015258789,24.979999542236328,23.485130310058594,5951200
2022-09-28,24.889999389648438,25.690000534057617,24.860000610351562,25.610000610351562,24.077430725097656,7576100
2022-09-29,25.15999984741211,25.15999984741211,24.739999771118164,25.040000915527344,23.541540145874023,8265600
2022-09-30,25.010000228881836,25.68000030517578,24.8700008392334,24.920000076293945,23.428720474243164,8858500
2022-10-03,25.34000015258789,26.110000610351562,25.09000015258789,25.889999389648438,24.34067153930664,8922800
2022-10-04,26.3799991607666,26.860000610351562,26.299999237060547,26.639999389648438,25.045787811279297,8844900
2022-10-05,26.170000076293945,26.950000762939453,26.1200008392334,26.780000686645508,25.17741584777832,7457100
2022-10-06,26.579999923706055,27.040000915527344,26.450000762939453,26.479999542236328,24.895366668701172,8415900
2022-10-07,25.770000457763672,25.850000381469727,24.899999618530273,25.040000915527344,23.541540145874023,10318200
2022-10-10,25.280000686645508,25.459999084472656,24.600000381469727,24.989999771118164,23.494531631469727,6557500
2022-10-11,25.010000228881836,25.329999923706055,24.600000381469727,24.780000686645508,23.297100067138672,7287300
2022-10-12,24.860000610351562,25.020000457763672,24.6200008392334,24.690000534057617,23.21248435974121,7896900
2022-10-13,24.190000534057617,26.329999923706055,24.079999923706055,26.020000457763672,24.462892532348633,11791900
2022-10-14,26.110000610351562,26.350000381469727,25.399999618530273,25.440000534057617,23.917604446411133,10700700
2022-10-17,25.8700008392334,26.299999237060547,25.399999618530273,25.690000534057617,24.15264129638672,8841600
2022-10-18,26.329999923706055,26.5,25.209999084472656,25.549999237060547,24.02101707458496,7501500
2022-10-19,25.260000228881836,25.75,25.25,25.489999771118164,23.964611053466797,6055000
2022-10-20,25.6299991607666,26.34000015258789,25.489999771118164,25.56999969482422,24.03982162475586,5830500
2022-10-21,25.719999313354492,26.84000015258789,25.56999969482422,26.790000915527344,25.186817169189453,7894300
2022-10-24,27.0,27.25,26.739999771118164,27.059999465942383,25.440658569335938,5640300
2022-10-25,26.90999984741211,27.600000381469727,26.850000381469727,27.579999923706055,25.929540634155273,7136800
2022-10-26,27.1299991607666,28.110000610351562,27.040000915527344,27.479999542236328,25.835521697998047,6935800
2022-10-27,27.760000228881836,27.90999984741211,27.110000610351562,27.219999313354492,25.591081619262695,6395800
2022-10-28,27.280000686645508,28.1200008392334,27.280000686645508,28.049999237060547,26.371414184570312,8033300
2022-10-31,27.790000915527344,27.889999389648438,27.530000686645508,27.6200008392334,25.967145919799805,5403100
2022-11-01,27.940000534057617,28.06999969482422,27.3700008392334,27.850000381469727,26.183380126953125,5113000
2022-11-02,27.780000686645508,28.06999969482422,26.979999542236328,26.979999542236328,25.36544418334961,5789600
2022-11-03,26.700000762939453,26.90999984741211,26.200000762939453,26.65999984741211,25.06459617614746,5423500
2022-11-04,27.3700008392334,28.309999465942383,27.219999313354492,28.290000915527344,26.597049713134766,13497700
2022-11-07,28.350000381469727,28.920000076293945,28.270000457763672,28.75,27.029521942138672,8825700
2022-11-08,29.0,29.3700008392334,28.690000534057617,28.850000381469727,27.123537063598633,8721300
2022-11-09,28.5,28.65999984741211,27.719999313354492,27.799999237060547,26.136371612548828,7574400
2022-11-10,28.950000762939453,29.299999237060547,28.6299991607666,29.299999237060547,27.546607971191406,11861500
2022-11-11,29.31999969482422,30.690000534057617,29.290000915527344,30.549999237060547,28.721803665161133,11423100
2022-11-14,30.170000076293945,30.90999984741211,30.079999923706055,30.43000030517578,28.608989715576172,8178800
2022-11-15,30.899999618530273,31.09000015258789,30.34000015258789,30.559999465942383,28.7312068939209,8492800
2022-11-16,30.200000762939453,30.270000457763672,28.989999771118164,29.290000915527344,27.537206649780273,9147500
2022-11-17,28.860000610351562,29.459999084472656,28.309999465942383,29.43000030517578,27.6688289642334,9984400
2022-11-18,29.049999237060547,29.6200008392334,28.889999389648438,29.479999542236328,27.715839385986328,9218000
2022-11-21,29.15999984741211,29.299999237060547,28.68000030517578,29.15999984741211,27.41498565673828,10697100
2022-11-22,29.229999542236328,29.420000076293945,28.639999389648438,29.3799991607666,27.6218204498291,15114900
2022-11-23,29.1200008392334,30.170000076293945,28.309999465942383,29.90999984741211,28.12010383605957,17741200
2022-11-25,29.799999237060547,30.739999771118164,29.709999084472656,30.149999618530273,28.345745086669922,5959300
2022-11-28,29.75,29.790000915527344,29.1200008392334,29.209999084472656,27.461992263793945,6676500
2022-11-29,29.350000381469727,29.610000610351562,28.829999923706055,28.8799991607666,27.151744842529297,7753000
2022-11-30,29.0,30.059999465942383,28.719999313354492,30.040000915527344,28.242326736450195,10286900
2022-12-01,30.110000610351562,30.229999542236328,29.780000686645508,29.860000610351562,28.07309913635254,5757300
2022-12-02,29.440000534057617,29.799999237060547,29.25,29.639999389648438,27.866262435913086,5259500
2022-12-05,29.40999984741211,29.6200008392334,29.1299991607666,29.209999084472656,27.461992263793945,4936300
2022-12-06,29.170000076293945,29.260000228881836,28.1299991607666,28.309999465942383,26.615854263305664,6393900
2022-12-07,28.0,28.25,27.6299991607666,27.829999923706055,26.164579391479492,7108300
2022-12-08,28.010000228881836,28.809999465942383,27.90999984741211,28.479999542236328,26.775678634643555,6993000
2022-12-09,28.389999389648438,28.729999542236328,28.200000762939453,28.209999084472656,26.521835327148438,5431800
2022-12-12,28.18000030517578,29.040000915527344,28.06999969482422,29.020000457763672,27.28336524963379,7439200
2022-12-13,29.520000457763672,29.729999542236328,28.709999084472656,28.8700008392334,27.39057731628418,7512800
2022-12-14,28.59000015258789,29.049999237060547,28.1200008392334,28.360000610351562,26.906709671020508,6799400
2022-12-15,27.709999084472656,27.8700008392334,26.700000762939453,26.84000015258789,25.464601516723633,10422200
2022-12-16,26.6299991607666,26.8799991607666,26.40999984741211,26.719999313354492,25.350749969482422,17947100
2022-12-19,26.760000228881836,26.940000534057617,26.280000686645508,26.559999465942383,25.198949813842773,5210300
2022-12-20,26.5,26.809999465942383,26.360000610351562,26.610000610351562,25.246389389038086,5336000
2022-12-21,26.780000686645508,27.0,26.649999618530273,26.690000534057617,25.322288513183594,4856400
2022-12-22,26.260000228881836,26.670000076293945,26.09000015258789,26.65999984741211,25.293825149536133,5460700
2022-12-23,26.65999984741211,26.799999237060547,26.360000610351562,26.760000228881836,25.388702392578125,4084900
2022-12-27,26.770000457763672,27.170000076293945,26.610000610351562,27.06999969482422,25.68281364440918,5324900
2022-12-28,27.06999969482422,27.229999542236328,26.420000076293945,26.540000915527344,25.17997169494629,5358400
2022-12-29,26.860000610351562,27.299999237060547,26.850000381469727,27.040000915527344,25.654354095458984,4703300
2022-12-30,26.729999542236328,26.889999389648438,26.520000457763672,26.8700008392334,25.493066787719727,4245300
2023-01-03,27.0,27.25,26.579999923706055,26.75,25.379213333129883,6467300
2023-01-04,27.260000228881836,27.690000534057617,26.93000030517578,27.219999313354492,25.82512855529785,5823800
2023-01-05,27.040000915527344,27.420000076293945,26.860000610351562,27.209999084472656,25.81563949584961,4778600
2023-01-06,27.520000457763672,28.56999969482422,27.31999969482422,28.360000610351562,26.906709671020508,5501700
2023-01-09,28.6299991607666,29.18000030517578,28.479999542236328,28.639999389648438,27.172359466552734,5792000
2023-01-10,28.6200008392334,29.100000381469727,28.520000457763672,29.09000015258789,27.599302291870117,4372700
2023-01-11,29.059999465942383,29.09000015258789,28.540000915527344,28.829999923706055,27.352624893188477,6013700
2023-01-12,28.920000076293945,28.959999084472656,28.420000076293945,28.549999237060547,27.086971282958984,6110900
2023-01-13,28.299999237060547,28.309999465942383,27.6200008392334,27.90999984741211,26.47977066040039,7330000
2023-01-17,27.860000610351562,27.90999984741211,27.309999465942383,27.59000015258789,26.17616844177246,6452100
2023-01-18,27.65999984741211,28.030000686645508,27.459999084472656,27.530000686645508,26.119243621826172,5376200
2023-01-19,27.239999771118164,27.309999465942383,26.760000228881836,26.959999084472656,25.578453063964844,5431000
2023-01-20,27.020000457763672,27.940000534057617,26.8799991607666,27.90999984741211,26.47977066040039,6692400
2023-01-23,28.049999237060547,28.790000915527344,28.049999237060547,28.600000381469727,27.134410858154297,4780900
2023-01-24,28.5,28.610000610351562,28.270000457763672,28.399999618530273,26.944660186767578,4295800
2023-01-25,28.0,28.84000015258789,27.899999618530273,28.690000534057617,27.219799041748047,4646300
2023-01-26,28.979999542236328,29.010000228881836,28.40999984741211,29.010000228881836,27.523399353027344,4220400
2023-01-27,28.700000762939453,29.540000915527344,28.6299991607666,29.229999542236328,27.73213005065918,6954500
2023-01-30,28.899999618530273,29.1299991607666,28.780000686645508,28.81999969482422,27.343135833740234,4727800
2023-01-31,28.760000228881836,29.139999389648438,28.600000381469727,29.139999389648438,27.646738052368164,5884100
2023-02-01,29.040000915527344,29.93000030517578,28.899999618530273,29.8700008392334,28.339332580566406,5698700
2023-02-02,30.09000015258789,31.020000457763672,30.0,30.790000915527344,29.212188720703125,6461300
2023-02-03,30.360000610351562,30.90999984741211,30.329999923706055,30.510000228881836,28.946533203125,4339300
2023-02-06,30.219999313354492,30.31999969482422,29.540000915527344,29.770000457763672,28.244457244873047,5145600
2023-02-07,29.65999984741211,30.059999465942383,29.34000015258789,30.0,28.46266746520996,5472200
2023-02-08,29.790000915527344,29.979999542236328,29.579999923706055,29.610000610351562,28.092653274536133,4341900
2023-02-09,30.0,30.149999618530273,29.43000030517578,29.65999984741211,28.140090942382812,3726400
2023-02-10,29.510000228881836,30.219999313354492,29.510000228881836,29.969999313354492,28.434207916259766,4136700
2023-02-13,29.860000610351562,30.350000381469727,29.799999237060547,30.34000015258789,28.785247802734375,4280900
2023-02-14,30.329999923706055,30.450000762939453,30.020000457763672,30.399999618530273,28.8421688079834,5647800
2023-02-15,30.06999969482422,30.549999237060547,30.049999237060547,30.530000686645508,28.965511322021484,4269600
2023-02-16,30.219999313354492,30.56999969482422,30.100000381469727,30.270000457763672,28.718833923339844,3514200
2023-02-17,30.079999923706055,30.239999771118164,29.739999771118164,30.15999984741211,28.614469528198242,5758100
2023-02-21,29.6299991607666,29.729999542236328,28.969999313354492,29.0,27.513912200927734,5779500
2023-02-22,29.030000686645508,29.389999389648438,28.920000076293945,29.079999923706055,27.589815139770508,5496800
2023-02-23,29.5,29.68000030517578,28.959999084472656,29.549999237060547,28.03572654724121,5786800
2023-02-24,29.100000381469727,29.3799991607666,28.940000534057617,29.219999313354492,27.722640991210938,6133700
2023-02-27,29.56999969482422,29.6299991607666,29.239999771118164,29.389999389648438,27.883926391601562,7270500
2023-02-28,29.360000610351562,30.260000228881836,29.219999313354492,29.520000457763672,28.007266998291016,15390900
2023-03-01,29.959999084472656,29.969999313354492,28.719999313354492,28.860000610351562,27.381088256835938,10330600
2023-03-02,28.68000030517578,28.889999389648438,28.149999618530273,28.809999465942383,27.333648681640625,7299000
2023-03-03,28.850000381469727,28.989999771118164,28.56999969482422,28.610000610351562,27.143898010253906,6968200
2023-03-06,28.8700008392334,29.09000015258789,28.5,28.56999969482422,27.105947494506836,7506400
2023-03-07,28.299999237060547,28.350000381469727,27.479999542236328,27.65999984741211,26.486400604248047,8361200
2023-03-08,27.799999237060547,28.280000686645508,27.600000381469727,28.270000457763672,27.070520401000977,5565000
2023-03-09,28.299999237060547,28.520000457763672,27.8700008392334,27.889999389648438,26.706640243530273,6341700
2023-03-10,27.829999923706055,27.84000015258789,27.049999237060547,27.450000762939453,26.285310745239258,6869100
2023-03-13,27.110000610351562,27.600000381469727,26.93000030517578,27.34000015258789,26.179977416992188,7435200
2023-03-14,27.8700008392334,28.280000686645508,27.579999923706055,27.809999465942383,26.630035400390625,6083100
2023-03-15,27.260000228881836,28.020000457763672,27.25,27.959999084472656,26.773672103881836,8857800
2023-03-16,27.600000381469727,28.399999618530273,27.510000228881836,28.309999465942383,27.108821868896484,8315400
2023-03-17,28.25,28.420000076293945,27.799999237060547,28.040000915527344,26.850278854370117,23967300
2023-03-20,28.18000030517578,28.65999984741211,28.040000915527344,28.190000534057617,26.993913650512695,7153100
2023-03-21,28.530000686645508,28.790000915527344,28.290000915527344,28.610000610351562,27.39609146118164,6421100
2023-03-22,28.600000381469727,28.65999984741211,27.829999923706055,27.850000381469727,26.668336868286133,5558000
2023-03-23,27.8700008392334,28.209999084472656,27.479999542236328,27.719999313354492,26.543851852416992,5651300
2023-03-24,27.559999465942383,27.760000228881836,27.239999771118164,27.719999313354492,26.543851852416992,5796400
2023-03-27,27.969999313354492,28.09000015258789,27.75,27.889999389648438,26.706640243530273,4041700
2023-03-28,27.770000457763672,27.799999237060547,27.420000076293945,27.6299991607666,26.457670211791992,4300700
2023-03-29,28.049999237060547,28.34000015258789,27.969999313354492,28.309999465942383,27.108821868896484,4755500
2023-03-30,28.6299991607666,28.950000762939453,28.540000915527344,28.899999618530273,27.673786163330078,4913800
2023-03-31,28.950000762939453,29.389999389648438,28.950000762939453,29.350000381469727,28.104694366455078,7653500
2023-04-03,29.34000015258789,29.969999313354492,29.270000457763672,29.889999389648438,28.621782302856445,6518900
2023-04-04,29.940000534057617,30.079999923706055,29.399999618530273,29.549999237060547,28.296205520629883,5134900
2023-04-05,29.360000610351562,29.709999084472656,29.190000534057617,29.40999984741211,28.162147521972656,5529800
2023-04-06,29.34000015258789,29.530000686645508,29.18000030517578,29.290000915527344,28.047239303588867,3968200
2023-04-10,29.170000076293945,29.75,29.1200008392334,29.739999771118164,28.478145599365234,5937900
2023-04-11,30.0,30.299999237060547,29.84000015258789,29.940000534057617,28.669660568237305,4717500
2023-04-12,30.149999618530273,30.149999618530273,29.56999969482422,29.65999984741211,28.401540756225586,6313600
2023-04-13,29.75,30.030000686645508,29.420000076293945,29.899999618530273,28.631357192993164,4606900
2023-04-14,29.8700008392334,30.6299991607666,29.68000030517578,29.81999969482422,28.554752349853516,6511200
2023-04-17,30.700000762939453,31.1299991607666,30.469999313354492,30.93000030517578,29.617656707763672,9530500
2023-04-18,31.09000015258789,31.469999313354492,31.0,31.219999313354492,29.895349502563477,7040300
2023-04-19,30.530000686645508,30.760000228881836,30.020000457763672,30.209999084472656,28.928203582763672,6095500
2023-04-20,29.790000915527344,30.059999465942383,29.520000457763672,29.6299991607666,28.372812271118164,5300000
2023-04-21,29.579999923706055,29.690000534057617,29.15999984741211,29.479999542236328,28.22917938232422,4776700
2023-04-24,29.440000534057617,29.719999313354492,29.25,29.469999313354492,28.219600677490234,4656800
2023-04-25,29.299999237060547,29.610000610351562,29.190000534057617,29.260000228881836,28.018512725830078,5337100
2023-04-26,29.079999923706055,29.209999084472656,28.719999313354492,28.959999084472656,27.73124122619629,5694600
2023-04-27,29.010000228881836,29.729999542236328,29.010000228881836,29.719999313354492,28.458995819091797,6091500
2023-04-28,29.790000915527344,30.06999969482422,29.510000228881836,29.709999084472656,28.449419021606445,6710500
2023-05-01,29.860000610351562,30.239999771118164,29.809999465942383,29.959999084472656,28.688810348510742,4738000
2023-05-02,30.3700008392334,30.479999542236328,29.520000457763672,30.1200008392334,28.842023849487305,6896000
2023-05-03,30.209999084472656,30.469999313354492,29.860000610351562,29.860000610351562,28.593055725097656,5708500
2023-05-04,29.639999389648438,29.760000228881836,29.270000457763672,29.399999618530273,28.152572631835938,4771700
2023-05-05,29.75,30.219999313354492,29.65999984741211,30.1299991607666,28.851598739624023,4591600
2023-05-08,30.25,30.34000015258789,29.940000534057617,30.190000534057617,28.909053802490234,4672500
2023-05-09,30.079999923706055,30.399999618530273,30.0,30.290000915527344,29.004812240600586,5547100
2023-05-10,30.600000381469727,30.68000030517578,29.5,29.860000610351562,28.593055725097656,5733100
2023-05-11,29.68000030517578,29.780000686645508,29.170000076293945,29.389999389648438,28.142995834350586,5564500
2023-05-12,29.350000381469727,29.350000381469727,28.530000686645508,28.899999618530273,27.673786163330078,7327900
2023-05-15,28.8700008392334,29.59000015258789,28.799999237060547,29.56999969482422,28.31536102294922,5953600
2023-05-16,29.670000076293945,30.010000228881836,29.530000686645508,29.65999984741211,28.401540756225586,6263100
2023-05-17,30.0,30.43000030517578,29.760000228881836,30.270000457763672,28.985660552978516,5741700
2023-05-18,30.25,30.770000457763672,30.100000381469727,30.739999771118164,29.43571662902832,4764000
2023-05-19,30.959999084472656,30.979999542236328,30.450000762939453,30.540000915527344,29.244205474853516,5223800
2023-05-22,30.489999771118164,30.799999237060547,30.290000915527344,30.709999084472656,29.40699005126953,5832300
2023-05-23,30.489999771118164,30.829999923706055,30.40999984741211,30.559999465942383,29.26335334777832,5110700
2023-05-24,30.420000076293945,30.420000076293945,29.829999923706055,30.0,28.727113723754883,5980100
2023-05-25,30.520000457763672,30.959999084472656,30.34000015258789,30.899999618530273,29.58892822265625,7596700
2023-05-26,31.0,31.399999618530273,30.8700008392334,31.299999237060547,29.971954345703125,8371200
2023-05-30,31.6200008392334,31.709999084472656,30.860000610351562,30.93000030517578,29.617656707763672,10566800
2023-05-31,29.770000457763672,30.270000457763672,28.729999542236328,29.059999465942383,27.826997756958008,30735500
2023-06-01,29.270000457763672,29.950000762939453,28.809999465942383,29.420000076293945,28.171724319458008,15653100
2023-06-02,29.520000457763672,30.790000915527344,29.520000457763672,30.549999237060547,29.25377655029297,10255700
2023-06-05,30.459999084472656,30.459999084472656,29.260000228881836,29.290000915527344,28.047239303588867,9679700
2023-06-06,29.1200008392334,29.90999984741211,29.059999465942383,29.649999618530273,28.391963958740234,6805700
2023-06-07,29.610000610351562,30.049999237060547,29.489999771118164,29.93000030517578,28.66008758544922,7268200
2023-06-08,30.030000686645508,30.200000762939453,29.559999465942383,30.040000915527344,28.765417098999023,5075000
2023-06-09,30.229999542236328,30.450000762939453,29.739999771118164,29.799999237060547,28.535602569580078,6441100
2023-06-12,29.950000762939453,30.540000915527344,29.889999389648438,30.440000534057617,29.148447036743164,8826900
2023-06-13,30.34000015258789,30.950000762939453,30.34000015258789,30.889999389648438,29.83714485168457,8964000
2023-06-14,30.90999984741211,31.110000610351562,30.760000228881836,30.950000762939453,29.895097732543945,14345400
2023-06-15,30.950000762939453,31.3799991607666,30.809999465942383,31.100000381469727,30.03998565673828,11344700
2023-06-16,31.209999084472656,31.270000457763672,30.770000457763672,31.0,29.94339370727539,13963100
2023-06-20,30.809999465942383,30.8799991607666,30.100000381469727,30.15999984741211,29.13202476501465,11900700
2023-06-21,29.989999771118164,30.1200008392334,29.649999618530273,29.850000381469727,28.832590103149414,10344900
2023-06-22,29.790000915527344,29.969999313354492,29.389999389648438,29.799999237060547,28.7842960357666,7169200
2023-06-23,29.459999084472656,29.770000457763672,29.31999969482422,29.610000610351562,28.600770950317383,14808600
2023-06-26,29.780000686645508,29.920000076293945,29.700000762939453,29.770000457763672,28.755319595336914,4905500
2023-06-27,29.799999237060547,29.959999084472656,29.540000915527344,29.84000015258789,28.822933197021484,6004300
2023-06-28,29.690000534057617,29.959999084472656,29.56999969482422,29.940000534057617,28.919523239135742,5646900
2023-06-29,30.0,30.450000762939453,29.940000534057617,30.31999969482422,29.28657341003418,7262900
2023-06-30,30.5,30.780000686645508,30.440000534057617,30.709999084472656,29.663278579711914,8796900
2023-07-03,30.700000762939453,30.8700008392334,30.56999969482422,30.75,29.701915740966797,3743100
2023-07-05,30.520000457763672,30.709999084472656,30.40999984741211,30.68000030517578,29.634302139282227,5289000
2023-07-06,30.309999465942383,30.90999984741211,30.239999771118164,30.899999618530273,29.8468017578125,6384500
2023-07-07,30.989999771118164,31.40999984741211,30.950000762939453,31.1299991607666,30.06896209716797,7796100
2023-07-10,31.1299991607666,31.540000915527344,31.030000686645508,31.540000915527344,30.464990615844727,5394600
2023-07-11,32.470001220703125,33.7400016784668,32.290000915527344,33.45000076293945,32.30989074707031,13731700
2023-07-12,33.779998779296875,33.900001525878906,32.88999938964844,32.900001525878906,31.77863311767578,7828300
2023-07-13,33.09000015258789,33.59000015258789,33.09000015258789,33.560001373291016,32.41614532470703,4335500
2023-07-14,33.400001525878906,33.40999984741211,32.70000076293945,32.790000915527344,31.672382354736328,4676500
2023-07-17,32.66999816894531,32.939998626708984,32.4900016784668,32.81999969482422,31.70136070251465,3861700
2023-07-18,32.790000915527344,32.900001525878906,32.459999084472656,32.779998779296875,31.66272735595703,5029400
2023-07-19,33.04999923706055,33.25,32.91999816894531,32.93000030517578,31.807613372802734,4690400
2023-07-20,32.7599983215332,32.83000183105469,32.2400016784668,32.560001373291016,31.450225830078125,5111100
2023-07-21,32.630001068115234,32.709999084472656,32.22999954223633,32.2400016784668,31.141132354736328,3482300
2023-07-24,32.369998931884766,32.70000076293945,32.2400016784668,32.43000030517578,31.32465362548828,3661700
2023-07-25,32.560001373291016,33.27000045776367,32.52000045776367,33.099998474121094,31.971818923950195,4693800
2023-07-26,32.900001525878906,33.22999954223633,32.86000061035156,33.040000915527344,31.913864135742188,4722700
2023-07-27,33.38999938964844,33.5,32.790000915527344,32.880001068115234,31.759315490722656,3881700
2023-07-28,33.189998626708984,33.2400016784668,32.560001373291016,32.630001068115234,31.51783561706543,3753000
2023-07-31,32.7400016784668,33.0099983215332,32.66999816894531,32.83000183105469,31.71102523803711,3739500
2023-08-01,32.56999969482422,33.04999923706055,32.54999923706055,32.95000076293945,31.826932907104492,3945200
2023-08-02,32.66999816894531,32.86000061035156,32.470001220703125,32.5,31.392269134521484,5172700
2023-08-03,32.279998779296875,32.88999938964844,32.150001525878906,32.70000076293945,31.58544921875,4149900
2023-08-04,32.75,32.880001068115234,32.40999984741211,32.43000030517578,31.32465362548828,3685900
2023-08-07,32.650001525878906,33.029998779296875,32.61000061035156,32.75,31.633747100830078,4017400
2023-08-08,32.689998626708984,33.099998474121094,32.41999816894531,33.06999969482422,31.942838668823242,5331700
2023-08-09,32.97999954223633,33.130001068115234,32.7400016784668,32.810001373291016,31.691699981689453,4712000
2023-08-10,33.060001373291016,33.2400016784668,32.709999084472656,32.970001220703125,31.84624671936035,4483700
2023-08-11,32.86000061035156,33.22999954223633,32.75,32.77000045776367,31.653066635131836,4356900
2023-08-14,32.7400016784668,32.75,31.940000534057617,32.06999969482422,30.9769229888916,8870700
2023-08-15,31.81999969482422,32.13999938964844,31.719999313354492,31.84000015258789,30.754764556884766,5895700
2023-08-16,31.719999313354492,31.81999969482422,31.219999313354492,31.299999237060547,30.23316764831543,4525500
2023-08-17,31.399999618530273,31.469999313354492,30.8700008392334,30.959999084472656,29.904756546020508,6148700
2023-08-18,30.829999923706055,31.219999313354492,30.670000076293945,31.059999465942383,30.00135040283203,4850400
2023-08-21,31.06999969482422,31.350000381469727,31.040000915527344,31.290000915527344,30.2235107421875,3214500
2023-08-22,31.440000534057617,31.530000686645508,30.670000076293945,31.020000457763672,29.96271514892578,5082000
2023-08-23,31.219999313354492,31.3700008392334,30.899999618530273,31.149999618530273,30.08828353881836,5059000
2023-08-24,31.280000686645508,31.3700008392334,30.719999313354492,30.75,29.701915740966797,5164800
2023-08-25,31.079999923706055,31.079999923706055,30.360000610351562,30.84000015258789,29.788848876953125,5027000
2023-08-28,30.940000534057617,31.489999771118164,30.920000076293945,31.329999923706055,30.262147903442383,4288100
2023-08-29,31.360000610351562,31.860000610351562,31.260000228881836,31.3700008392334,30.30078125,9726000
2023-08-30,29.020000457763672,29.360000610351562,27.850000381469727,29.290000915527344,28.291677474975586,22465500
2023-08-31,29.299999237060547,29.81999969482422,29.170000076293945,29.709999084472656,28.697362899780273,9962600
2023-09-01,29.950000762939453,30.670000076293945,29.84000015258789,30.3700008392334,29.334867477416992,9619500
2023-09-05,30.170000076293945,30.3799991607666,29.8799991607666,30.139999389648438,29.112707138061523,8392200
2023-09-06,29.959999084472656,30.309999465942383,29.84000015258789,30.1299991607666,29.103046417236328,6534700
2023-09-07,29.790000915527344,30.020000457763672,29.25,29.31999969482422,28.32065773010254,9542400
2023-09-08,29.399999618530273,29.770000457763672,29.329999923706055,29.450000762939453,28.446226119995117,5942500
2023-09-11,29.700000762939453,29.90999984741211,29.530000686645508,29.559999465942383,28.552473068237305,7198700
2023-09-12,29.1299991607666,29.459999084472656,28.920000076293945,28.940000534057617,28.204547882080078,8773500
2023-09-13,28.920000076293945,29.079999923706055,28.31999969482422,28.329999923706055,27.61005210876465,12336500
2023-09-14,26.8799991607666,27.8799991607666,26.799999237060547,27.81999969482422,27.11301040649414,16424100
2023-09-15,27.8799991607666,27.8799991607666,27.100000381469727,27.34000015258789,26.64520835876465,14888600
2023-09-18,27.260000228881836,27.479999542236328,27.1200008392334,27.31999969482422,26.62571907043457,10290100
2023-09-19,27.350000381469727,27.65999984741211,27.290000915527344,27.56999969482422,26.869361877441406,8444700
2023-09-20,27.700000762939453,27.739999771118164,27.049999237060547,27.059999465942383,26.372325897216797,8056000
2023-09-21,27.059999465942383,27.239999771118164,26.780000686645508,26.799999237060547,26.11893081665039,7151700
2023-09-22,26.920000076293945,27.059999465942383,26.75,26.770000457763672,26.08969497680664,7017200
2023-09-25,26.18000030517578,26.920000076293945,26.100000381469727,26.299999237060547,25.631635665893555,9512100
2023-09-26,26.1200008392334,26.209999084472656,25.700000762939453,25.719999313354492,25.066377639770508,8797100
2023-09-27,25.850000381469727,25.979999542236328,25.56999969482422,25.639999389648438,24.98841094970703,6670800
2023-09-28,25.299999237060547,25.829999923706055,25.219999313354492,25.56999969482422,24.920190811157227,8527600
2023-09-29,25.739999771118164,26.170000076293945,25.670000076293945,25.700000762939453,25.04688835144043,12472500
2023-10-02,25.639999389648438,26.040000915527344,25.559999465942383,25.670000076293945,25.017648696899414,8547400
2023-10-03,26.139999389648438,26.610000610351562,26.030000686645508,26.1299991607666,25.465959548950195,14637300
2023-10-04,26.219999313354492,26.219999313354492,25.829999923706055,26.040000915527344,25.37824821472168,8431300
2023-10-05,25.860000610351562,26.3799991607666,25.860000610351562,26.229999542236328,25.563417434692383,11943900
2023-10-06,26.09000015258789,26.18000030517578,25.739999771118164,25.899999618530273,25.241802215576172,8406200
2023-10-09,25.860000610351562,26.229999542236328,25.59000015258789,26.079999923706055,25.41722869873047,7324000
2023-10-10,26.280000686645508,26.600000381469727,26.209999084472656,26.43000030517578,25.758337020874023,9998600
2023-10-11,26.600000381469727,27.049999237060547,26.469999313354492,26.829999923706055,26.148170471191406,11313900
2023-10-12,26.829999923706055,26.8799991607666,26.579999923706055,26.75,26.07020378112793,7050300
2023-10-13,26.719999313354492,26.790000915527344,26.399999618530273,26.5,25.826557159423828,6098000
2023-10-16,26.700000762939453,27.0,26.649999618530273,26.8799991607666,26.1968994140625,6655300
2023-10-17,26.709999084472656,27.239999771118164,26.670000076293945,27.100000381469727,26.41130828857422,7043500
2023-10-18,26.8799991607666,27.239999771118164,26.81999969482422,27.040000915527344,26.352834701538086,9127000
2023-10-19,27.0,27.100000381469727,26.350000381469727,26.450000762939453,25.7778263092041,7085300
2023-10-20,26.459999084472656,26.549999237060547,26.0,26.010000228881836,25.349008560180664,6037100
2023-10-23,25.940000534057617,26.209999084472656,25.690000534057617,25.8799991607666,25.222312927246094,4582700
2023-10-24,26.06999969482422,26.25,25.93000030517578,26.15999984741211,25.495197296142578,6426700
2023-10-25,26.0,26.260000228881836,25.899999618530273,26.030000686645508,25.368501663208008,4249700
2023-10-26,26.0,26.350000381469727,25.8700008392334,26.170000076293945,25.504941940307617,9205800
2023-10-27,26.260000228881836,26.290000915527344,25.670000076293945,25.84000015258789,25.18332862854004,5463900
2023-10-30,26.0,26.329999923706055,25.899999618530273,26.15999984741211,25.495197296142578,5454700
2023-10-31,26.010000228881836,26.399999618530273,25.959999084472656,26.329999923706055,25.660877227783203,8402700
2023-11-01,26.40999984741211,26.59000015258789,26.219999313354492,26.479999542236328,25.80706214904785,5966500
2023-11-02,26.84000015258789,27.0,26.670000076293945,26.84000015258789,26.157917022705078,5276000
2023-11-03,26.989999771118164,27.540000915527344,26.959999084472656,27.420000076293945,26.723176956176758,4653800
2023-11-06,27.5,27.56999969482422,27.25,27.329999923706055,26.63546371459961,5944300
2023-11-07,27.43000030517578,27.68000030517578,27.229999542236328,27.329999923706055,26.63546371459961,6699300
2023-11-08,27.3700008392334,27.479999542236328,27.09000015258789,27.209999084472656,26.518510818481445,5493400
2023-11-09,27.309999465942383,27.3799991607666,27.010000228881836,27.020000457763672,26.333341598510742,6569400
2023-11-10,27.170000076293945,27.6200008392334,27.030000686645508,27.6200008392334,26.918094635009766,10387200
2023-11-13,27.760000228881836,27.989999771118164,27.6200008392334,27.780000686645508,27.07402992248535,8606000
2023-11-14,28.239999771118164,28.520000457763672,28.15999984741211,28.280000686645508,27.561321258544922,7056100
2023-11-15,28.290000915527344,28.860000610351562,28.260000228881836,28.469999313354492,27.746492385864258,8460900
2023-11-16,28.469999313354492,28.59000015258789,27.93000030517578,28.209999084472656,27.49309730529785,8823200
2023-11-17,28.350000381469727,28.389999389648438,28.100000381469727,28.309999465942383,27.590559005737305,7957400
2023-11-20,28.079999923706055,28.25,27.860000610351562,27.989999771118164,27.278690338134766,8484000
2023-11-21,28.059999465942383,28.110000610351562,27.65999984741211,27.8700008392334,27.1617431640625,12903100
2023-11-22,28.459999084472656,29.290000915527344,27.889999389648438,28.65999984741211,27.931663513183594,15778600
2023-11-24,28.540000915527344,28.829999923706055,28.440000534057617,28.639999389648438,27.912172317504883,4762100
2023-11-27,28.40999984741211,28.670000076293945,28.260000228881836,28.520000457763672,27.79522132873535,7704900
2023-11-28,28.440000534057617,28.68000030517578,28.31999969482422,28.639999389648438,27.912172317504883,5762100
2023-11-29,28.899999618530273,29.309999465942383,28.860000610351562,29.06999969482422,28.33124351501465,7267100
2023-11-30,29.31999969482422,29.3799991607666,29.020000457763672,29.34000015258789,28.594383239746094,12883100
2023-12-01,29.110000610351562,29.579999923706055,28.549999237060547,29.5,28.75031852722168,9598400
2023-12-04,29.239999771118164,29.469999313354492,28.940000534057617,29.040000915527344,28.30200958251953,6105400
2023-12-05,28.920000076293945,29.15999984741211,28.799999237060547,28.860000610351562,28.126583099365234,13911900
2023-12-06,29.09000015258789,29.139999389648438,28.450000762939453,28.489999771118164,27.7659854888916,5372400
2023-12-07,28.709999084472656,29.520000457763672,28.709999084472656,29.40999984741211,28.66260528564453,13674100
2023-12-08,29.399999618530273,29.59000015258789,29.309999465942383,29.459999084472656,28.711334228515625,7563000
2023-12-11,29.899999618530273,30.559999465942383,29.799999237060547,30.3700008392334,29.598209381103516,14358800
2023-12-12,30.219999313354492,30.479999542236328,30.149999618530273,30.229999542236328,29.73196792602539,8909000
2023-12-13,30.229999542236328,30.34000015258789,29.780000686645508,30.149999618530273,29.65328598022461,10303400
2023-12-14,30.469999313354492,31.170000076293945,30.469999313354492,30.93000030517578,30.420434951782227,12597100
2023-12-15,30.93000030517578,30.950000762939453,30.34000015258789,30.780000686645508,30.272907257080078,28404600
2023-12-18,30.68000030517578,30.809999465942383,30.260000228881836,30.260000228881836,29.761474609375,15426400
2023-12-19,30.459999084472656,30.68000030517578,30.219999313354492,30.280000686645508,29.781145095825195,7827000
2023-12-20,30.170000076293945,30.3700008392334,29.790000915527344,29.790000915527344,29.299217224121094,8750400
2023-12-21,30.079999923706055,30.219999313354492,29.90999984741211,30.139999389648438,29.643449783325195,6529200
2023-12-22,30.219999313354492,30.479999542236328,30.06999969482422,30.18000030517578,29.682790756225586,4476400
2023-12-26,30.139999389648438,30.549999237060547,30.059999465942383,30.40999984741211,29.90900230407715,4853600
2023-12-27,30.399999618530273,30.520000457763672,30.209999084472656,30.239999771118164,29.741804122924805,5127900
2023-12-28,30.149999618530273,30.239999771118164,29.950000762939453,30.18000030517578,29.682790756225586,5704900
2023-12-29,30.170000076293945,30.329999923706055,30.020000457763672,30.09000015258789,29.594274520874023,5201800
2024-01-02,29.81999969482422,30.06999969482422,29.65999984741211,29.829999923706055,29.33855628967285,8773700
2024-01-03,29.65999984741211,30.100000381469727,29.479999542236328,29.899999618530273,29.40740394592285,8026400
2024-01-04,29.81999969482422,30.1299991607666,29.649999618530273,29.68000030517578,29.191030502319336,7727300
2024-01-05,29.600000381469727,30.219999313354492,29.540000915527344,29.950000762939453,29.45658302307129,6926100
2024-01-08,30.139999389648438,31.09000015258789,30.079999923706055,31.0,30.489282608032227,11378000
2024-01-09,30.700000762939453,30.81999969482422,30.139999389648438,30.15999984741211,29.66312026977539,8504500
2024-01-10,30.15999984741211,30.40999984741211,30.100000381469727,30.34000015258789,29.84015655517578,8686400
2024-01-11,30.459999084472656,30.600000381469727,29.81999969482422,30.0,29.505756378173828,8835600
2024-01-12,30.040000915527344,30.18000030517578,29.709999084472656,29.809999465942383,29.318885803222656,6880900
2024-01-16,29.5,29.559999465942383,29.010000228881836,29.09000015258789,28.610748291015625,6694900
2024-01-17,28.809999465942383,28.920000076293945,28.450000762939453,28.649999618530273,28.177997589111328,8072300
2024-01-18,28.90999984741211,28.90999984741211,28.450000762939453,28.649999618530273,28.177997589111328,8246700
2024-01-19,28.739999771118164,29.34000015258789,28.399999618530273,29.1200008392334,28.640254974365234,9815300
2024-01-22,29.299999237060547,29.559999465942383,29.139999389648438,29.18000030517578,28.69926643371582,8926200
2024-01-23,29.170000076293945,29.65999984741211,29.1200008392334,29.56999969482422,29.082839965820312,7559800
2024-01-24,29.770000457763672,29.920000076293945,29.540000915527344,29.559999465942383,29.07300567626953,6920100
2024-01-25,29.65999984741211,30.010000228881836,29.5,29.709999084472656,29.22053337097168,8338200
2024-01-26,29.639999389648438,30.15999984741211,29.639999389648438,30.0,29.505756378173828,9326000
2024-01-29,30.0,30.010000228881836,29.139999389648438,29.239999771118164,28.758277893066406,8002600
2024-01-30,29.200000762939453,29.350000381469727,29.09000015258789,29.149999618530273,28.66975975036621,6618100
2024-01-31,28.940000534057617,29.15999984741211,28.690000534057617,28.709999084472656,28.237009048461914,10409600
2024-02-01,28.65999984741211,28.940000534057617,28.3799991607666,28.940000534057617,28.463220596313477,11987700
2024-02-02,28.770000457763672,28.81999969482422,28.450000762939453,28.68000030517578,28.207504272460938,7193000
2024-02-05,28.56999969482422,28.59000015258789,28.170000076293945,28.329999923706055,27.863269805908203,10526200
2024-02-06,28.350000381469727,28.549999237060547,28.149999618530273,28.290000915527344,27.823928833007812,7926000
2024-02-07,28.25,28.25,27.860000610351562,27.950000762939453,27.489532470703125,7358000
2024-02-08,28.0,28.299999237060547,27.93000030517578,28.290000915527344,27.823928833007812,4639200
2024-02-09,28.280000686645508,28.520000457763672,28.190000534057617,28.420000076293945,27.9517879486084,4852200
2024-02-12,28.420000076293945,28.799999237060547,28.389999389648438,28.690000534057617,28.21734046936035,4896400
2024-02-13,28.31999969482422,28.399999618530273,27.889999389648438,28.139999389648438,27.67639923095703,6505900
2024-02-14,29.010000228881836,29.079999923706055,28.34000015258789,28.579999923706055,28.109149932861328,6547400
2024-02-15,28.579999923706055,29.09000015258789,28.579999923706055,29.030000686645508,28.55173683166504,7071800
2024-02-16,28.989999771118164,29.100000381469727,28.530000686645508,28.579999923706055,28.109149932861328,5681000
2024-02-20,28.3799991607666,28.75,28.34000015258789,28.6299991607666,28.158327102661133,5677700
2024-02-21,28.540000915527344,28.649999618530273,28.260000228881836,28.43000030517578,27.96162223815918,7580400
2024-02-22,28.489999771118164,29.100000381469727,28.489999771118164,28.950000762939453,28.47305679321289,6276200
2024-02-23,29.1299991607666,29.329999923706055,28.989999771118164,29.270000457763672,28.787784576416016,5547400
2024-02-26,29.309999465942383,29.489999771118164,28.780000686645508,28.799999237060547,28.325525283813477,9431100
2024-02-27,28.959999084472656,28.979999542236328,28.65999984741211,28.829999923706055,28.355031967163086,6683700
2024-02-28,28.719999313354492,29.09000015258789,28.68000030517578,28.719999313354492,28.246843338012695,10811300
2024-02-29,27.860000610351562,29.06999969482422,27.65999984741211,28.329999923706055,27.863269805908203,22925500
2024-03-01,29.0,29.6299991607666,28.889999389648438,29.40999984741211,28.925477981567383,13986500
2024-03-04,29.350000381469727,29.600000381469727,28.989999771118164,29.059999465942383,28.58124351501465,10322000
2024-03-05,28.979999542236328,29.450000762939453,28.8700008392334,29.1299991607666,28.650089263916016,10274400
2024-03-06,29.479999542236328,30.5,29.40999984741211,30.229999542236328,29.73196792602539,14188000
2024-03-07,30.360000610351562,30.950000762939453,30.149999618530273,30.559999465942383,30.056529998779297,14006800
2024-03-08,30.739999771118164,31.049999237060547,30.549999237060547,30.739999771118164,30.233564376831055,11434200
2024-03-11,30.610000610351562,30.93000030517578,30.389999389648438,30.860000610351562,30.35158920288086,7029000
2024-03-12,30.610000610351562,30.790000915527344,30.190000534057617,30.5,30.268226623535156,13376800
2024-03-13,30.5,30.950000762939453,30.299999237060547,30.75,30.516326904296875,8006400
2024-03-14,30.799999237060547,30.920000076293945,30.360000610351562,30.610000610351562,30.377391815185547,9767200
2024-03-15,30.450000762939453,30.959999084472656,30.399999618530273,30.420000076293945,30.18883514404297,15269700
2024-03-18,30.389999389648438,30.469999313354492,29.610000610351562,29.940000534057617,29.712482452392578,9223700
2024-03-19,29.809999465942383,29.889999389648438,29.5,29.81999969482422,29.593393325805664,6113600
2024-03-20,29.700000762939453,29.770000457763672,29.329999923706055,29.68000030517578,29.454458236694336,5292800
2024-03-21,29.850000381469727,30.389999389648438,29.700000762939453,30.079999923706055,29.85141944885254,6699300
2024-03-22,30.110000610351562,30.239999771118164,29.950000762939453,30.049999237060547,29.821645736694336,4796500
2024-03-25,29.889999389648438,30.059999465942383,29.809999465942383,29.8799991607666,29.652936935424805,6904700
2024-03-26,30.049999237060547,30.139999389648438,29.979999542236328,29.989999771118164,29.762102127075195,6167100
2024-03-27,30.190000534057617,30.200000762939453,29.729999542236328,30.1200008392334,29.891115188598633,6440800
2024-03-28,30.1200008392334,30.3700008392334,30.030000686645508,30.219999313354492,29.990354537963867,5954100
2024-04-01,30.25,30.559999465942383,30.219999313354492,30.3799991607666,30.149137496948242,6811800
2024-04-02,30.15999984741211,30.350000381469727,29.540000915527344,29.559999465942383,29.335369110107422,6127600
2024-04-03,29.469999313354492,30.09000015258789,29.420000076293945,29.65999984741211,29.43461036682129,6862800
2024-04-04,30.049999237060547,30.399999618530273,29.59000015258789,29.639999389648438,29.414762496948242,5401900
2024-04-05,29.530000686645508,29.600000381469727,29.049999237060547,29.110000610351562,28.888790130615234,5160200
2024-04-08,29.280000686645508,29.43000030517578,29.1200008392334,29.309999465942383,29.087268829345703,5210300
2024-04-09,29.440000534057617,29.979999542236328,29.3700008392334,29.969999313354492,29.74225425720215,6593700
2024-04-10,29.5,29.850000381469727,28.920000076293945,28.950000762939453,28.73000717163086,6664800
2024-04-11,29.059999465942383,29.280000686645508,28.68000030517578,29.229999542236328,29.007877349853516,5519900
2024-04-12,28.989999771118164,29.18000030517578,28.360000610351562,28.530000686645508,28.31319808959961,7626000
2024-04-15,28.770000457763672,28.899999618530273,27.90999984741211,27.959999084472656,27.747528076171875,6224200
2024-04-16,27.979999542236328,28.040000915527344,27.549999237060547,27.790000915527344,27.578821182250977,7086600
2024-04-17,27.950000762939453,28.209999084472656,27.6299991607666,27.690000534057617,27.479581832885742,6144100
2024-04-18,27.690000534057617,28.020000457763672,27.510000228881836,27.6200008392334,27.410112380981445,4525400
2024-04-19,27.65999984741211,27.940000534057617,27.56999969482422,27.809999465942383,27.59866714477539,4768900
2024-04-22,28.0,28.100000381469727,27.5,27.700000762939453,27.489505767822266,5156300
2024-04-23,27.690000534057617,27.850000381469727,27.579999923706055,27.670000076293945,27.459732055664062,6116200
2024-04-24,27.809999465942383,28.59000015258789,27.43000030517578,28.100000381469727,27.886465072631836,14491900
2024-04-25,27.969999313354492,28.299999237060547,27.760000228881836,28.1299991607666,27.916236877441406,5032700
2024-04-26,28.1299991607666,28.389999389648438,27.959999084472656,28.0,27.78722381591797,5356200
2024-04-29,28.1200008392334,28.450000762939453,28.1200008392334,28.270000457763672,28.055173873901367,5676400
2024-04-30,28.049999237060547,28.440000534057617,28.030000686645508,28.09000015258789,27.876541137695312,5557700
2024-05-01,28.0,28.079999923706055,27.610000610351562,27.75,27.539125442504883,6137200
2024-05-02,27.979999542236328,28.030000686645508,27.520000457763672,27.940000534057617,27.72768211364746,4828600
2024-05-03,28.280000686645508,28.5,28.010000228881836,28.18000030517578,27.965856552124023,6648300
2024-05-06,28.329999923706055,28.440000534057617,28.219999313354492,28.420000076293945,28.20403289794922,4354600
2024-05-07,28.56999969482422,28.799999237060547,28.25,28.40999984741211,28.194108963012695,3953100
2024-05-08,28.3799991607666,29.579999923706055,28.3799991607666,29.440000534057617,29.21628189086914,8796700
2024-05-09,29.389999389648438,29.68000030517578,29.329999923706055,29.649999618530273,29.424686431884766,6431700
2024-05-10,29.84000015258789,29.8799991607666,29.6200008392334,29.719999313354492,29.49415397644043,4973200
2024-05-13,29.84000015258789,30.229999542236328,29.809999465942383,29.940000534057617,29.712482452392578,5568300
2024-05-14,30.139999389648438,30.920000076293945,30.020000457763672,30.760000228881836,30.5262508392334,8018200
2024-05-15,31.0,31.399999618530273,30.989999771118164,31.360000610351562,31.121692657470703,6480600
2024-05-16,31.260000228881836,31.350000381469727,31.0,31.06999969482422,30.833894729614258,5737500
2024-05-17,31.229999542236328,31.280000686645508,31.010000228881836,31.190000534057617,30.952983856201172,4618200
2024-05-20,31.3799991607666,31.93000030517578,31.260000228881836,31.81999969482422,31.578195571899414,5591000
2024-05-21,31.950000762939453,32.849998474121094,31.889999389648438,32.689998626708984,32.44158172607422,8201400
2024-05-22,32.7599983215332,33.27000045776367,32.75,33.0099983215332,32.759151458740234,7717600
2024-05-23,33.18000030517578,33.380001068115234,32.59000015258789,32.650001525878906,32.40188980102539,6822700
2024-05-24,32.779998779296875,32.91999816894531,32.529998779296875,32.75,32.501129150390625,6501900
2024-05-28,32.88999938964844,33.45000076293945,32.849998474121094,33.13999938964844,32.88816452026367,8019500
2024-05-29,32.779998779296875,33.33000183105469,32.40999984741211,32.79999923706055,32.55074691772461,12481300
2024-05-30,34.400001525878906,39.52000045776367,34.400001525878906,38.36000061035156,38.06849670410156,38267200
2024-05-31,37.59000015258789,37.619998931884766,34.90999984741211,36.5,36.222633361816406,29952100
2024-06-03,36.5,36.75,34.84000015258789,35.31999969482422,35.051597595214844,12390700
2024-06-04,35.209999084472656,35.880001068115234,35.15999984741211,35.349998474121094,35.08137130737305,9633600
2024-06-05,35.7599983215332,36.029998779296875,35.2400016784668,35.630001068115234,35.35924530029297,8143800
2024-06-06,35.630001068115234,36.5,35.58000183105469,36.18000030517578,35.90506362915039,9319500
2024-06-07,36.09000015258789,36.790000915527344,36.040000915527344,36.45000076293945,36.173011779785156,8718800
2024-06-10,36.29999923706055,36.349998474121094,35.4900016784668,36.18000030517578,35.90506362915039,8796500
2024-06-11,36.150001525878906,36.470001220703125,35.880001068115234,36.31999969482422,36.04399871826172,7708800
2024-06-12,36.61000061035156,36.97999954223633,36.2400016784668,36.29999923706055,36.29999923706055,7372500
2024-06-13,36.279998779296875,36.779998779296875,36.099998474121094,36.45000076293945,36.45000076293945,6847500
2024-06-14,36.220001220703125,36.630001068115234,35.439998626708984,35.5099983215332,35.5099983215332,8582400
2024-06-17,35.61000061035156,36.09000015258789,35.220001220703125,35.93000030517578,35.93000030517578,7500300
2024-06-18,36.11000061035156,36.79999923706055,35.91999816894531,36.75,36.75,9607500
2024-06-20,36.86000061035156,37.18000030517578,36.099998474121094,36.2400016784668,36.2400016784668,9202400
2024-06-21,36.099998474121094,36.63999938964844,35.849998474121094,36.369998931884766,36.369998931884766,17244600
2024-06-24,36.349998474121094,36.900001525878906,36.150001525878906,36.29999923706055,36.29999923706055,5496100
2024-06-25,36.13999938964844,36.459999084472656,36.02000045776367,36.27000045776367,36.27000045776367,6002900
2024-06-26,36.119998931884766,36.150001525878906,34.77000045776367,35.09000015258789,35.09000015258789,9658300
2024-06-27,35.189998626708984,35.29999923706055,34.650001525878906,34.709999084472656,34.709999084472656,5716700
2024-06-28,34.900001525878906,35.380001068115234,34.77000045776367,35.02000045776367,35.02000045776367,14543000
2024-07-01,35.20000076293945,35.22999954223633,34.709999084472656,34.970001220703125,34.970001220703125,4952900
2024-07-02,34.75,35.130001068115234,34.400001525878906,34.79999923706055,34.79999923706055,5834500
2024-07-03,34.900001525878906,35.09000015258789,34.720001220703125,34.849998474121094,34.849998474121094,3985200
2024-07-05,34.88999938964844,34.900001525878906,34.38999938964844,34.630001068115234,34.630001068115234,4365400
2024-07-08,34.849998474121094,35.5,34.79999923706055,35.31999969482422,35.31999969482422,6511300
2024-07-09,35.27000045776367,35.619998931884766,35.150001525878906,35.41999816894531,35.41999816894531,5152700
2024-07-10,35.720001220703125,36.099998474121094,35.52000045776367,36.06999969482422,36.06999969482422,5344700
2024-07-11,36.20000076293945,36.54999923706055,36.029998779296875,36.099998474121094,36.099998474121094,6722900
2024-07-12,36.22999954223633,36.90999984741211,35.93000030517578,36.72999954223633,36.72999954223633,6599800
2024-07-15,36.43000030517578,37.349998474121094,36.40999984741211,37.34000015258789,37.34000015258789,5720700
2024-07-16,37.599998474121094,38.130001068115234,37.4900016784668,38.0,38.0,8571000
2024-07-17,37.599998474121094,38.41999816894531,37.369998931884766,38.11000061035156,38.11000061035156,8906800
2024-07-18,38.06999969482422,38.189998626708984,37.220001220703125,37.380001068115234,37.380001068115234,5895500
2024-07-19,37.40999984741211,37.439998626708984,36.880001068115234,37.150001525878906,37.150001525878906,4773500
2024-07-22,37.619998931884766,38.040000915527344,37.41999816894531,38.02000045776367,38.02000045776367,4519900
2024-07-23,37.779998779296875,38.13999938964844,37.650001525878906,37.709999084472656,37.709999084472656,4472700
2024-07-24,37.58000183105469,38.119998931884766,37.5,37.81999969482422,37.81999969482422,6310400
2024-07-25,37.61000061035156,37.790000915527344,36.20000076293945,36.25,36.25,8589500
2024-07-26,36.540000915527344,36.75,36.20000076293945,36.34000015258789,36.34000015258789,7299600
2024-07-29,36.400001525878906,36.41999816894531,35.75,36.130001068115234,36.130001068115234,4788300
2024-07-30,36.130001068115234,36.29999923706055,35.13999938964844,35.52000045776367,35.52000045776367,6915700
2024-07-31,35.970001220703125,36.36000061035156,35.7400016784668,36.09000015258789,36.09000015258789,8189900
2024-08-01,35.97999954223633,36.290000915527344,34.9900016784668,35.16999816894531,35.16999816894531,5437300
2024-08-02,34.40999984741211,34.560001373291016,33.560001373291016,33.720001220703125,33.720001220703125,6489100
2024-08-05,32.58000183105469,32.97999954223633,32.15999984741211,32.75,32.75,7339300
2024-08-06,32.849998474121094,33.20000076293945,32.52000045776367,32.720001220703125,32.720001220703125,6154400
2024-08-07,32.90999984741211,33.08000183105469,31.950000762939453,32.02000045776367,32.02000045776367,7603700
2024-08-08,32.290000915527344,33.09000015258789,32.290000915527344,33.02000045776367,33.02000045776367,5909000
2024-08-09,32.86000061035156,33.88999938964844,32.86000061035156,33.540000915527344,33.540000915527344,6605500
2024-08-12,33.630001068115234,34.16999816894531,33.58000183105469,33.779998779296875,33.779998779296875,5609200
2024-08-13,34.0099983215332,34.779998779296875,33.970001220703125,34.7599983215332,34.7599983215332,6477300
2024-08-14,34.7599983215332,35.02000045776367,34.540000915527344,34.75,34.75,5158500
2024-08-15,35.20000076293945,35.560001373291016,35.150001525878906,35.4900016784668,35.4900016784668,4847700
2024-08-16,35.47999954223633,36.029998779296875,35.40999984741211,35.90999984741211,35.90999984741211,5580400
2024-08-19,34.619998931884766,35.290000915527344,34.279998779296875,34.599998474121094,34.599998474121094,9622300
2024-08-20,34.599998474121094,35.04999923706055,34.59000015258789,34.810001373291016,34.810001373291016,6885200
2024-08-21,35.0,35.33000183105469,34.81999969482422,35.27000045776367,35.27000045776367,4677000
